date,shop,genre,item,sales,units
2023-12-06,60052,508456,45530031,1800000,18
2023-12-06,57626,204586,29814472,1750000,5
2023-12-06,41480,201184,83452653,972000,9
2023-12-06,193,560271,17674074,873600,256
2023-12-06,38293,207802,31446368,860000,35
2023-12-06,42336,208532,34816924,798000,7
2023-12-06,48555,101384,83704199,734000,1
2023-12-06,41480,201184,83452655,726000,11
2023-12-06,60430,101384,82834210,600000,3
2023-12-06,41480,201184,83452651,594000,11
2023-12-06,57626,204586,29812866,550000,5
2023-12-06,41480,201184,83308107,528000,45
2023-12-06,41480,201184,83452657,528000,4
2023-12-06,48555,101384,55437364,500000,5
2023-12-06,46926,101384,83592244,500000,5
2023-12-06,60430,101384,44517552,500000,5
2023-12-06,60430,101384,55437391,500000,1
2023-12-06,48555,101384,55437391,500000,1
2023-12-06,60430,101384,83452361,500000,1
2023-12-06,37991,205582,83306692,490000,10
2023-12-06,60052,509417,45529650,480000,6
2023-12-06,27548,554973,82833676,444000,3
2023-12-06,67226,562641,48865449,437800,1
2023-12-06,38293,214099,83313334,410000,38
2023-12-06,70972,101384,55437364,400000,4
2023-12-06,20354,201351,53551881,398860,138
2023-12-06,41480,201184,83453091,396000,43
2023-12-06,57626,204586,29814527,350000,1
2023-12-06,55799,501098,28663350,340000,19
2023-12-06,23590,566403,58668136,329728,6
2023-12-06,193,560271,17674112,315000,103
2023-12-06,54118,201351,35874056,304640,253
2023-12-06,38293,101384,44125529,300000,1
2023-12-06,63877,101384,82943047,300000,1
2023-12-06,48555,101384,44125529,300000,1
2023-12-06,60430,101384,55437379,300000,1
2023-12-06,38293,101384,82943044,300000,1
2023-12-06,60052,200181,45529257,294000,2
2023-12-06,57626,204586,29807506,288000,4
2023-12-06,1610,215913,58335666,286485,15
2023-12-06,58880,100992,44052421,272000,4
2023-12-06,57626,204586,29815216,270000,1
2023-12-06,54108,204586,45977679,261360,8
2023-12-06,32594,564647,83094047,260000,14
2023-12-06,42336,208532,34817406,258000,3
2023-12-06,55799,501098,84101160,255000,13
2023-12-06,70972,101384,82834209,250000,5
2023-12-06,38293,214099,33495310,232000,8
2023-12-06,525,567664,56739388,227000,25
2023-12-06,66786,201184,2180366,218380,51
2023-12-06,3005,202502,55545478,212816,44
2023-12-06,46926,101384,83592243,210000,7
2023-12-06,57626,204586,29815161,210000,1
2023-12-06,60052,215913,31955997,208000,1
2023-12-06,23590,502835,29764600,203861,7
2023-12-06,37331,101384,55437364,200000,2
2023-12-06,37331,101384,44125529,200000,1
2023-12-06,31920,101384,82834210,200000,1
2023-12-06,37991,205582,83306731,196000,4
2023-12-06,27548,506012,82833679,185000,1
2023-12-06,17497,207802,58492858,177000,16
2023-12-06,65806,206440,17721765,172480,28
2023-12-06,29864,501098,82974877,170000,10
2023-12-06,17497,207802,58492859,168000,11
2023-12-06,60052,101384,55437341,160000,8
2023-12-06,57626,204586,29807696,160000,1
2023-12-06,1610,205611,45073442,159192,8
2023-12-06,1610,558873,63092603,158997,3
2023-12-06,1610,301577,57532599,158697,3
2023-12-06,50867,100181,83799646,154000,2
2023-12-06,42336,207802,83495395,150000,5
2023-12-06,48555,101384,82834209,150000,3
2023-12-06,60052,101384,82834209,150000,3
2023-12-06,60430,101384,55437373,150000,1
2023-12-06,23590,502835,29764651,144796,4
2023-12-06,60052,215913,31954786,144000,2
2023-12-06,1610,215913,58335667,142794,6
2023-12-06,46926,110435,83592320,140000,4
2023-12-06,60052,215913,31954975,140000,2
2023-12-06,60052,508456,45530435,136000,4
2023-12-06,46926,110435,83592297,136000,4
2023-12-06,41480,201184,83452650,135000,5
2023-12-06,17497,207802,58492862,134400,8
2023-12-06,27548,506012,82833665,134000,1
2023-12-06,525,567662,56729813,132620,17
2023-12-06,41480,201184,83452654,132000,4
2023-12-06,13261,558873,17246290,131100,1
2023-12-06,57626,204586,29814232,130000,1
2023-12-06,48555,101384,83704171,125000,1
2023-12-06,1610,215913,58336125,122493,7
2023-12-06,50867,204586,83800108,120000,2
2023-12-06,38293,201184,38876063,120000,1
2023-12-06,1610,558873,36720392,119398,2
2023-12-06,1610,407120,34893548,118986,13
2023-12-06,57626,204586,29807702,114000,2
2023-12-06,27548,506012,82833680,110000,1
2023-12-06,57626,204586,29807784,110000,1
2023-12-06,193,560271,17674170,109200,39
2023-12-06,18433,206361,58561163,107800,10
2023-12-06,1918,101535,65253459,106894,28
2023-12-06,12998,558873,41267422,103600,1
2023-12-06,2326,207966,10414212,103500,3
2023-12-06,1610,205272,45917626,101998,2
2023-12-06,54118,201351,57167446,101574,44
2023-12-06,63543,205611,24322052,101168,12
2023-12-06,60430,101384,82834209,100000,2
2023-12-06,63877,101384,82943043,100000,2
2023-12-06,37331,101384,82834209,100000,2
2023-12-06,63877,101384,82834209,100000,2
2023-12-06,60052,508456,45530469,100000,1
2023-12-06,48555,101384,83083250,100000,1
2023-12-06,29864,101384,55437364,100000,1
2023-12-06,60430,101384,55437364,100000,1
2023-12-06,60052,215913,31956922,99000,1
2023-12-06,34263,210022,38395863,97350,5
2023-12-06,58880,101954,32729571,96000,1
2023-12-06,50867,100181,83799919,94000,2
2023-12-06,4643,558873,9812862,93500,1
2023-12-06,680,205272,63015677,93000,1
2023-12-06,4643,558873,5130063,92400,2
2023-12-06,50867,204586,29167815,92000,2
2023-12-06,45883,201184,64221257,91440,8
2023-12-06,34263,210022,23886634,91390,4
2023-12-06,34840,110409,59268119,90734,14
2023-12-06,34263,210022,32427689,90148,4
2023-12-06,41480,201184,83452672,90000,2
2023-12-06,41480,201184,83452675,90000,1
2023-12-06,55120,100992,58856835,89800,10
2023-12-06,12998,558873,79627295,89600,1
2023-12-06,69373,507843,49654126,89440,13
2023-12-06,41480,201184,83452677,88000,2
2023-12-06,60052,215913,31955162,88000,1
2023-12-06,29398,551732,3894734,84000,6
2023-12-06,23590,566403,58668128,83954,2
2023-12-06,32809,509434,34615044,82574,17
2023-12-06,34263,210022,32427834,82350,3
2023-12-06,1610,558846,36524160,81990,2
2023-12-06,23590,566403,58668147,81606,2
2023-12-06,3005,202502,53735221,81555,15
2023-12-06,44078,304080,46761068,80676,18
2023-12-06,34263,210022,23974387,80121,3
2023-12-06,70972,101384,55437341,80000,4
2023-12-06,27548,101384,55437341,80000,4
2023-12-06,48555,101384,55437352,80000,1
2023-12-06,60052,509417,45529683,80000,1
2023-12-06,60052,566647,36271494,80000,1
2023-12-06,1610,301577,57532600,79999,1
2023-12-06,45949,205611,40480144,79380,2
2023-12-06,24080,502835,30739177,79200,1
2023-12-06,1610,215913,58335990,78396,4
2023-12-06,37991,205582,58962876,78000,2
2023-12-06,46926,110435,83592336,78000,2
2023-12-06,3005,202502,53735220,77820,19
2023-12-06,42336,101954,35831576,77000,1
2023-12-06,37747,201632,34525703,75240,9
2023-12-06,54118,201351,53551881,75110,23
2023-12-06,1610,215913,58336508,75000,5
2023-12-06,29398,551732,3921112,75000,4
2023-12-06,53722,558873,9684065,75000,1
2023-12-06,402,101020,54659184,73154,65
2023-12-06,193,560271,17674013,72800,28
2023-12-06,29864,501098,82974879,72000,2
2023-12-06,41480,201184,83452671,72000,2
2023-12-06,29864,501098,82975967,72000,2
2023-12-06,50867,100181,29167732,72000,1
2023-12-06,37747,201632,34525702,71280,14
2023-12-06,37991,205582,83306721,71000,1
2023-12-06,38293,214099,83313330,70000,7
2023-12-06,48555,101384,55437339,70000,7
2023-12-06,46926,110435,83592221,70000,5
2023-12-06,48555,101384,83277735,70000,1
2023-12-06,37376,506536,83280718,70000,1
2023-12-06,45954,551736,39802082,69948,26
2023-12-06,3005,202502,5926061,69748,14
2023-12-06,34698,304763,18401803,69720,21
2023-12-06,29222,301577,3743876,68480,15
2023-12-06,50867,567554,83799625,68000,2
2023-12-06,32594,201184,83094048,67500,5
2023-12-06,24080,502835,30739163,67320,2
2023-12-06,45954,551732,32938578,67050,21
2023-12-06,41480,201184,83452644,66000,3
2023-12-06,57626,204586,29808129,66000,1
2023-12-06,29400,566647,82957706,66000,1
2023-12-06,6590,567554,37033054,65340,3
2023-12-06,32809,509434,34615042,65168,16
2023-12-06,525,567664,17324914,63560,7
2023-12-06,1610,558873,36720393,62899,1
2023-12-06,51547,215913,12038800,62656,4
2023-12-06,2326,204934,10370750,62500,5
2023-12-06,37719,563689,19477008,61600,1
2023-12-06,3005,202502,56900523,61523,17
2023-12-06,45954,551732,32938510,60840,18
2023-12-06,34263,210022,32427599,60444,3
2023-12-06,193,560271,17674194,60000,20
2023-12-06,48555,101384,55437341,60000,3
2023-12-06,27548,101384,82834208,60000,2
2023-12-06,32595,506536,83098035,60000,2
2023-12-06,41480,201184,83305556,60000,2
2023-12-06,2326,204934,10558237,60000,2
2023-12-06,55799,501098,84101162,60000,2
2023-12-06,32595,506536,30785015,60000,2
2023-12-06,27548,506012,82833677,60000,1
2023-12-06,63543,563689,7751233,59998,2
2023-12-06,63543,563689,7751212,59980,2
2023-12-06,1610,301577,57532598,59398,2
2023-12-06,31464,566647,46123877,59130,3
2023-12-06,60052,215913,31954748,59000,1
2023-12-06,1610,502280,60698349,58999,1
2023-12-06,20354,201351,46071741,58960,20
2023-12-06,18357,502221,60698327,58799,1
2023-12-06,17497,207802,58492861,58500,13
2023-12-06,44078,304080,46759580,58266,13
2023-12-06,34263,210022,32427939,58100,2
2023-12-06,57720,509417,14955587,57860,10
2023-12-06,1610,215913,46580643,56697,3
2023-12-06,60052,215913,31955118,56000,1
2023-12-06,60052,215913,31953954,56000,1
2023-12-06,15375,558873,13836603,56000,1
2023-12-06,1610,502221,60698335,55399,1
2023-12-06,41480,201184,83452678,55000,1
2023-12-06,60832,502280,60558600,54800,7
2023-12-06,29864,501098,82833543,54000,3
2023-12-06,41480,201184,83452646,54000,3
2023-12-06,37991,100487,83306975,54000,1
2023-12-06,6590,567554,37033057,53910,9
2023-12-06,2326,204934,5378869,53674,1
2023-12-06,20354,201351,39568825,53600,19
2023-12-06,34263,210022,23957594,53414,2
2023-12-06,4643,558873,9668893,52800,1
2023-12-06,4643,558873,4835229,52800,1
2023-12-06,50867,204586,83799995,52000,1
2023-12-06,10130,206440,39744803,51740,23
2023-12-06,525,567664,57803149,51300,9
2023-12-06,60052,110632,40464269,51000,2
2023-12-06,1610,558846,40750455,50798,1
2023-12-06,3005,202502,45408255,50666,14
2023-12-06,29222,301577,3744892,50440,10
2023-12-06,50839,205761,8184932,50400,13
2023-12-06,46926,101384,83592242,50000,5
2023-12-06,50867,567554,29163564,50000,2
2023-12-06,38293,101384,83313554,50000,1
2023-12-06,27548,101384,82834209,50000,1
2023-12-06,29864,101384,82834209,50000,1
2023-12-06,35470,201351,15786067,49761,9
2023-12-06,38864,567538,2115146,49000,7
2023-12-06,50867,567554,83800930,49000,1
2023-12-06,41480,201184,83305555,49000,1
2023-12-06,58880,101954,36580293,48000,1
2023-12-06,70972,101384,84771441,47000,1
2023-12-06,1610,215913,46580645,46998,2
2023-12-06,38293,201184,48566789,46000,1
2023-12-06,57720,510003,14955402,45920,4
2023-12-06,193,560271,17674286,45600,11
2023-12-06,2326,207966,4561497,45273,1
2023-12-06,1918,101535,65253467,45241,5
2023-12-06,193,560271,17674094,45000,15
2023-12-06,1610,401534,46701133,44880,6
2023-12-06,38864,567538,21155953,44800,2
2023-12-06,58880,214104,74735962,44000,2
2023-12-06,41013,408789,83093883,44000,1
2023-12-06,37719,563689,19477007,44000,1
2023-12-06,37991,100487,83306951,44000,1
2023-12-06,16765,558873,17738402,43980,2
2023-12-06,18433,558873,42854367,43800,1
2023-12-06,2326,204964,4360561,43460,8
2023-12-06,21833,205611,53451157,43120,1
2023-12-06,525,567664,56729629,42912,4
2023-12-06,13031,558873,53498707,42800,1
2023-12-06,21825,201351,25552000,42000,7
2023-12-06,34263,210022,38395525,41800,5
2023-12-06,23590,566403,58668126,41759,1
2023-12-06,193,560271,17674075,41600,13
2023-12-06,54118,201351,57167448,41580,11
2023-12-06,24867,205611,57131899,41580,1
2023-12-06,24867,205611,57131905,41580,1
2023-12-06,61982,507515,4648583,41400,4
2023-12-06,26549,216173,30349216,41230,25
2023-12-06,23590,566403,58668120,41194,1
2023-12-06,34698,304763,18401813,41020,7
2023-12-06,38066,506539,83308055,41000,1
2023-12-06,525,567664,56744928,40900,5
2023-12-06,3005,202502,53735224,40730,5
2023-12-06,20354,201351,53551880,40571,28
2023-12-06,69373,507843,49733648,40440,2
2023-12-06,32809,509434,34615036,40152,11
2023-12-06,38293,214099,83313332,40000,7
2023-12-06,60430,101384,55437341,40000,2
2023-12-06,55799,501098,28669593,40000,2
2023-12-06,55799,501098,28668768,40000,2
2023-12-06,70972,101384,84771489,40000,1
2023-12-06,50867,204586,29167792,40000,1
2023-12-06,48555,101954,83706522,40000,1
2023-12-06,48555,101384,82950724,40000,1
2023-12-06,58880,558873,84236353,40000,1
2023-12-06,31920,207802,83070646,40000,1
2023-12-06,38293,207802,31460463,40000,1
2023-12-06,38994,207774,56783753,39920,1
2023-12-06,39701,558873,12984593,39800,1
2023-12-06,23590,564895,48999504,39778,1
2023-12-06,1610,215913,58336108,39597,3
2023-12-06,67171,215430,28720768,39556,1
2023-12-06,18357,215913,58335990,39198,2
2023-12-06,32809,509434,53865282,38874,31
2023-12-06,50839,205761,6960853,38640,35
2023-12-06,24867,563689,52967614,38500,1
2023-12-06,20354,201351,57167448,38115,11
2023-12-06,525,567662,56745969,38000,2
2023-12-06,41480,201184,83452835,38000,1
2023-12-06,38293,207802,33500991,38000,1
2023-12-06,40651,567623,536915,37500,2
2023-12-06,1610,301577,32820293,37400,2
2023-12-06,6590,567554,37033203,36960,2
2023-12-06,193,560271,17674098,36000,12
2023-12-06,1610,201925,35087500,36000,2
2023-12-06,50867,100181,29167196,36000,1
2023-12-06,1610,502280,57532562,35998,2
2023-12-06,16765,206361,58488617,35970,3
2023-12-06,67811,301577,58848184,35964,2
2023-12-06,23590,566403,50379670,35797,1
2023-12-06,23590,502835,29764653,35599,1
2023-12-06,57784,207774,49558536,35280,12
2023-12-06,29222,301577,3728369,35280,6
2023-12-06,60832,502280,60558595,35280,6
2023-12-06,193,560271,17674298,35200,10
2023-12-06,17497,214099,41428261,35000,33
2023-12-06,525,567662,56745982,35000,5
2023-12-06,23590,564895,49032628,35000,1
2023-12-06,50867,204586,29177916,35000,1
2023-12-06,70972,101954,84771424,35000,1
2023-12-06,46926,110435,83592322,35000,1
2023-12-06,18357,205272,49960042,34999,1
2023-12-06,58523,502280,55487351,34900,5
2023-12-06,45954,551732,32938319,34866,4
2023-12-06,44078,304080,46761846,34610,4
2023-12-06,23582,567538,42563842,34400,8
2023-12-06,1610,558846,36524171,34400,5
2023-12-06,193,560271,17674228,34200,9
2023-12-06,50867,564647,83799675,34000,2
2023-12-06,29864,501098,82974880,34000,1
2023-12-06,60052,566647,33073853,34000,1
2023-12-06,46926,110435,83592318,34000,1
2023-12-06,1918,101535,60180116,33282,6
2023-12-06,63543,205611,16400799,33000,2
2023-12-06,50867,551736,29178510,33000,2
2023-12-06,41480,201184,83452645,33000,1
2023-12-06,24867,205611,57131901,32780,1
2023-12-06,2326,204934,10504916,32364,1
2023-12-06,4541,560271,29776587,32000,4
2023-12-06,55799,501098,84101163,32000,2
2023-12-06,23582,567538,42563840,31800,3
2023-12-06,32798,563342,50627589,31680,1
2023-12-06,63543,563689,7751229,31499,1
2023-12-06,61982,507515,52676761,31440,3
2023-12-06,50867,204586,83800637,31000,1
2023-12-06,3005,202502,53735227,30273,3
2023-12-06,38293,214099,29067199,30000,3
2023-12-06,70972,101384,55437339,30000,3
2023-12-06,21016,100487,36498498,30000,3
2023-12-06,38293,207802,83313706,30000,2
2023-12-06,38293,101384,83313553,30000,1
2023-12-06,34263,210022,24084152,30000,1
2023-12-06,32595,506536,83098036,30000,1
2023-12-06,37331,101384,82834208,30000,1
2023-12-06,37331,201351,34815933,30000,1
2023-12-06,34263,210022,24088752,30000,1
2023-12-06,14293,551736,31341346,29920,2
2023-12-06,20354,201351,62742046,29862,15
2023-12-06,23590,502835,29764648,29800,1
2023-12-06,1610,201925,51680596,29799,1
2023-12-06,10801,402279,33072855,29700,9
2023-12-06,1918,101535,60180117,29596,4
2023-12-06,18433,206361,41450874,29400,3
2023-12-06,3005,202502,45408864,29346,6
2023-12-06,58662,202502,3757200,29300,5
2023-12-06,63543,205611,24324603,29200,2
2023-12-06,2326,204964,10415245,29148,5
2023-12-06,1610,215913,58336030,28999,1
2023-12-06,18356,215913,58336030,28999,1
2023-12-06,21825,201351,25589540,28800,3
2023-12-06,525,563339,51681444,28800,2
2023-12-06,18357,201925,51680596,28799,1
2023-12-06,36886,110435,41428512,28634,12
2023-12-06,61457,502280,56589301,28600,5
2023-12-06,32809,509434,34615049,28368,6
2023-12-06,57784,207774,49558531,28080,12
2023-12-06,4541,560271,29776967,28000,5
2023-12-06,46926,214104,83592211,28000,2
2023-12-06,41480,201184,32729400,28000,2
2023-12-06,55799,207774,38778920,28000,2
2023-12-06,46926,110435,83592205,28000,1
2023-12-06,28488,558873,25216492,28000,1
2023-12-06,16765,206361,58488618,27990,1
2023-12-06,3290,551228,35299949,27596,1
2023-12-06,193,560271,25151171,27500,11
2023-12-06,32798,567664,56739388,27240,3
2023-12-06,69373,507843,49733647,27240,2
2023-12-06,193,560271,17674270,27200,8
2023-12-06,3005,202502,45408522,27180,5
2023-12-06,32809,509434,34615047,27168,6
2023-12-06,2326,204964,4405695,27168,5
2023-12-06,4541,560271,29776605,27000,3
2023-12-06,41480,201184,83452647,27000,1
2023-12-06,46926,110435,83592335,27000,1
2023-12-06,68130,214781,15567951,26937,3
2023-12-06,44078,304080,46761149,26892,6
2023-12-06,54118,201351,39568825,26800,9
2023-12-06,52214,508456,44986048,26640,1
2023-12-06,16765,558873,35047409,25980,2
2023-12-06,18357,201925,51680598,25399,1
2023-12-06,4643,558873,9668491,25300,1
2023-12-06,32809,509434,34615027,25020,4
2023-12-06,37376,101384,83279776,25000,1
2023-12-06,50867,509417,29177619,25000,1
2023-12-06,60052,566647,29267781,25000,1
2023-12-06,2326,207966,10370596,24800,1
2023-12-06,6590,402279,59586363,24640,6
2023-12-06,24867,205611,19642138,24640,1
2023-12-06,54118,201351,57167449,24255,5
2023-12-06,193,110365,17674218,24200,11
2023-12-06,26549,216173,3753389,24080,18
2023-12-06,4541,560271,29776525,24000,3
2023-12-06,61240,560271,29776587,24000,3
2023-12-06,50867,564647,83799689,24000,1
2023-12-06,1610,558846,47024478,23997,3
2023-12-06,18433,558873,31972115,23960,2
2023-12-06,24080,502835,30739110,23958,2
2023-12-06,525,567662,56749821,23920,4
2023-12-06,21833,205611,19642144,23760,1
2023-12-06,525,563339,38586416,23760,1
2023-12-06,1610,215913,58335993,23699,1
2023-12-06,525,567662,56729107,23600,2
2023-12-06,35470,101535,55627513,23490,6
2023-12-06,38864,216424,21156282,23400,4
2023-12-06,3005,202502,55545477,23236,4
2023-12-06,20354,201351,39568821,23140,12
2023-12-06,29222,301577,3744015,23112,6
2023-12-06,24486,560271,43537209,23079,21
2023-12-06,193,560271,17674077,23040,8
2023-12-06,4541,110365,29776617,23030,4
2023-12-06,70972,101954,84771482,23000,1
2023-12-06,1610,215913,46580644,22699,1
2023-12-06,34263,210022,23858833,22695,1
2023-12-06,1610,205272,45917624,22598,2
2023-12-06,34263,210022,24006710,22580,1
2023-12-06,20354,506536,54877552,22554,7
2023-12-06,193,560271,25151156,22400,8
2023-12-06,193,560271,17674210,22400,8
2023-12-06,28488,558873,25192501,22400,2
2023-12-06,32809,509434,34615045,22260,6
2023-12-06,21833,205611,34964318,22000,2
2023-12-06,55799,501098,84101161,22000,1
2023-12-06,24867,563689,52967615,22000,1
2023-12-06,60893,502280,51035944,22000,1
2023-12-06,60052,214104,30751912,22000,1
2023-12-06,21833,205611,19641920,22000,1
2023-12-06,1610,502280,32385140,21999,1
2023-12-06,51217,558873,31865645,21900,5
2023-12-06,34263,210022,29693086,21845,1
2023-12-06,60052,511293,36789332,21600,2
2023-12-06,20354,201351,62744872,21456,8
2023-12-06,37719,205582,19577888,21450,1
2023-12-06,13261,558873,17249244,21440,1
2023-12-06,20354,201351,57167446,21384,12
2023-12-06,45954,551736,39802016,21384,12
2023-12-06,2326,204964,10371666,21275,3
2023-12-06,55799,501098,28670325,21000,1
2023-12-06,46496,206363,30206788,21000,1
2023-12-06,28488,558873,27012873,21000,1
2023-12-06,1610,558846,36524165,20995,5
2023-12-06,44078,304080,46761841,20766,2
2023-12-06,6174,558873,6158497,20390,1
2023-12-06,50839,205761,6960868,20280,4
2023-12-06,24664,502835,28670525,20190,15
2023-12-06,525,567664,56749887,20000,4
2023-12-06,41480,201184,83452727,20000,2
2023-12-06,38293,506539,83313325,20000,2
2023-12-06,37376,506536,83279638,20000,2
2023-12-06,28488,551180,27704740,20000,2
2023-12-06,38293,207802,31460334,20000,1
2023-12-06,48555,201184,83706608,20000,1
2023-12-06,60052,566647,36271286,20000,1
2023-12-06,38293,101384,83313552,20000,1
2023-12-06,4541,206471,46729779,20000,1
2023-12-06,32594,101384,55437341,20000,1
2023-12-06,42336,101535,83305525,20000,1
2023-12-06,60052,566647,29268262,20000,1
2023-12-06,38293,207802,31450988,20000,1
2023-12-06,4541,206440,46729926,20000,1
2023-12-06,27548,214099,82833508,20000,1
2023-12-06,2326,204934,10558235,20000,1
2023-12-06,16765,558873,63948454,19980,2
2023-12-06,2326,204964,4405691,19928,3
2023-12-06,24867,563689,52967702,19800,1
2023-12-06,37719,563689,19476977,19800,1
2023-12-06,37719,563689,19476998,19800,1
2023-12-06,18433,206361,58561167,19800,1
2023-12-06,525,563339,38586535,19800,1
2023-12-06,1610,215913,58335683,19799,1
2023-12-06,10130,206440,3638658,19773,8
2023-12-06,24080,502835,30739145,19701,1
2023-12-06,1610,205611,45073370,19699,1
2023-12-06,525,563342,38586563,19680,1
2023-12-06,6590,567554,37033202,19600,2
2023-12-06,63543,205611,24322056,19435,5
2023-12-06,32809,509434,34615032,19364,2
2023-12-06,24080,502835,30739115,19245,3
2023-12-06,21825,201351,25618079,19200,1
2023-12-06,34263,210022,23913768,19056,1
2023-12-06,3005,202502,5926062,19038,3
2023-12-06,193,560271,17673995,19000,5
2023-12-06,37376,214099,83280661,19000,1
2023-12-06,37376,214099,83280662,19000,1
2023-12-06,48555,507843,83704057,19000,1
2023-12-06,48555,510003,83704059,19000,1
2023-12-06,48461,408789,2126135,18700,1
2023-12-06,24486,560271,43537222,18683,17
2023-12-06,6590,567554,37033062,18540,3
2023-12-06,34840,110409,59268067,18515,4
2023-12-06,402,101020,54659195,18430,8
2023-12-06,36886,110409,42694992,18396,3
2023-12-06,21833,205611,19641969,18150,1
2023-12-06,24867,205611,19641878,18150,1
2023-12-06,68636,555421,50115735,18104,10
2023-12-06,3005,202502,38601588,18095,5
2023-12-06,34263,210022,23806073,18045,1
2023-12-06,32809,509434,7145557,18000,13
2023-12-06,41480,201184,83452723,18000,2
2023-12-06,4541,560271,29776559,18000,2
2023-12-06,525,567662,56729173,18000,2
2023-12-06,29864,501098,82974876,18000,1
2023-12-06,55799,207774,38781177,18000,1
2023-12-06,18788,205611,41682457,18000,1
2023-12-06,58880,214104,84235951,18000,1
2023-12-06,58880,214104,84235950,18000,1
2023-12-06,1610,407120,36877287,17998,2
2023-12-06,1610,216173,57108389,17995,1
2023-12-06,44078,304080,46771515,17946,2
2023-12-06,44078,304080,46761100,17928,4
2023-12-06,21649,567434,50376892,17818,2
2023-12-06,38864,567538,2115154,17800,2
2023-12-06,13031,558873,53498316,17800,1
2023-12-06,37719,563689,19476845,17600,1
2023-12-06,29437,508456,32628749,17600,1
2023-12-06,34263,210022,50809348,17515,1
2023-12-06,23582,567538,42563844,17400,3
2023-12-06,2326,204964,4360562,17384,3
2023-12-06,24974,214781,46056620,17304,5
2023-12-06,34698,304763,18401805,17280,2
2023-12-06,2326,204934,10370756,17010,1
2023-12-06,2326,204934,10370754,17010,1
2023-12-06,41480,201184,83452683,17000,17
2023-12-06,63877,214104,29657093,17000,1
2023-12-06,55799,207774,38778591,17000,1
2023-12-06,55799,207774,84101197,17000,1
2023-12-06,46926,110435,83592120,17000,1
2023-12-06,29864,501098,82976377,17000,1
2023-12-06,18356,407120,34893548,16998,2
2023-12-06,37621,304080,61264302,16940,2
2023-12-06,34698,551732,40303454,16940,2
2023-12-06,13031,408789,53498531,16880,1
2023-12-06,53386,216173,25672788,16800,9
2023-12-06,525,567662,56745832,16800,2
2023-12-06,21825,567554,15779535,16800,1
2023-12-06,32809,509434,34615040,16730,5
2023-12-06,1918,207774,56136856,16641,3
2023-12-06,1610,215913,58336061,16599,1
2023-12-06,525,563342,64467989,16560,3
2023-12-06,39077,205761,45765362,16500,10
2023-12-06,37719,205582,19476873,16500,2
2023-12-06,21833,563689,19641961,16500,1
2023-12-06,37719,205611,19476953,16500,1
2023-12-06,16765,558846,24875478,16450,4
2023-12-06,24587,560271,32363770,16400,4
2023-12-06,12998,558873,4233753,16400,1
2023-12-06,3005,202502,42644782,16311,3
2023-12-06,3005,202502,45408712,16310,2
2023-12-06,38864,567538,2115157,16200,1
2023-12-06,2326,204934,10504907,16182,1
2023-12-06,37747,201632,44145960,16170,3
2023-12-06,33112,206361,49118187,16100,1
2023-12-06,42804,216173,43486239,16038,5
2023-12-06,193,110365,17674128,16000,18
2023-12-06,193,110365,3687276,16000,4
2023-12-06,193,560271,17674311,16000,3
2023-12-06,680,205272,78366913,16000,2
2023-12-06,4541,560271,29776586,16000,2
2023-12-06,4541,206440,46729924,16000,1
2023-12-06,28488,558873,26999384,16000,1
2023-12-06,34840,110409,59268118,15998,2
2023-12-06,16765,558873,35047709,15990,1
2023-12-06,16765,558846,18143265,15980,1
2023-12-06,18433,558873,12312473,15980,1
2023-12-06,29222,301577,3713084,15840,3
2023-12-06,52831,206471,23324332,15750,8
2023-12-06,34263,210022,30718085,15738,1
2023-12-06,32798,563342,38585669,15730,1
2023-12-06,1610,502280,57532561,15699,1
2023-12-06,18357,502280,57532561,15699,1
2023-12-06,193,110365,17674243,15600,21
2023-12-06,38864,567538,2115162,15600,1
2023-12-06,1610,200181,53612525,15598,2
2023-12-06,45954,551732,32938539,15552,3
2023-12-06,2326,204964,10330084,15492,3
2023-12-06,3005,202502,55307120,15410,4
2023-12-06,525,567662,56729468,15400,1
2023-12-06,193,560271,17674068,15200,4
2023-12-06,4541,206440,46729831,15200,1
2023-12-06,1610,401534,46701138,15180,1
2023-12-06,35470,207774,55632854,15120,1
2023-12-06,35913,511293,3762992,15040,2
2023-12-06,3005,202502,45408406,15000,3
2023-12-06,38293,214104,83313732,15000,1
2023-12-06,55799,501098,83305448,15000,1
2023-12-06,38293,207802,83313949,15000,1
2023-12-06,37376,214099,83279793,15000,1
2023-12-06,29398,551736,3903999,15000,1
2023-12-06,46926,110435,83592117,15000,1
2023-12-06,28488,558873,27010865,15000,1
2023-12-06,60052,506536,36789652,15000,1
2023-12-06,46926,214104,83592175,15000,1
2023-12-06,31920,207802,83070592,15000,1
2023-12-06,34840,207774,59268077,14997,3
2023-12-06,63580,214104,12498661,14997,3
2023-12-06,16765,558873,35047708,14990,1
2023-12-06,16765,558873,35046978,14990,1
2023-12-06,34698,201632,40428702,14960,1
2023-12-06,17497,207802,65297193,14940,3
2023-12-06,13031,551180,58364150,14880,1
2023-12-06,1610,201632,64410652,14850,3
2023-12-06,54108,212377,45977682,14850,1
2023-12-06,21833,205611,19641918,14850,1
2023-12-06,193,560271,17674096,14700,7
2023-12-06,1610,215913,58335701,14699,1
2023-12-06,2326,204964,10371671,14622,4
2023-12-06,37621,304080,61264581,14520,1
2023-12-06,1610,215913,58336042,14499,1
2023-12-06,47428,401534,40624068,14461,8
2023-12-06,2326,204934,10370752,14400,1
2023-12-06,34263,210022,23637797,14122,2
2023-12-06,33112,558846,53481038,14040,3
2023-12-06,69373,216424,49640266,14040,2
2023-12-06,193,560271,17674141,14000,5
2023-12-06,38864,567538,2115161,14000,2
2023-12-06,55799,207774,38778773,14000,1
2023-12-06,46926,110435,83592323,14000,1
2023-12-06,58880,551180,84236211,14000,1
2023-12-06,55799,207774,38779499,14000,1
2023-12-06,41480,201184,30320647,14000,1
2023-12-06,46926,110435,83592252,14000,1
2023-12-06,2326,204934,10572412,14000,1
2023-12-06,29864,101535,82975384,14000,1
2023-12-06,38864,567538,10160931,14000,1
2023-12-06,46926,110435,83592651,14000,1
2023-12-06,28488,558873,23544260,14000,1
2023-12-06,16765,206361,62908662,13995,1
2023-12-06,60471,502280,41230145,13960,2
2023-12-06,45883,201184,64221254,13860,3
2023-12-06,34698,304763,18401806,13800,1
2023-12-06,57506,551732,43064173,13761,2
2023-12-06,29222,301577,3732992,13760,2
2023-12-06,2326,204964,6841055,13748,2
2023-12-06,193,560271,14740256,13600,4
2023-12-06,2326,204964,10371672,13584,3
2023-12-06,20354,201351,39919149,13560,1
2023-12-06,45954,551736,39802074,13536,8
2023-12-06,39701,551180,10355264,13500,1
2023-12-06,32594,214104,83093933,13500,1
2023-12-06,6590,567554,37033056,13470,3
2023-12-06,6174,551180,5142444,13450,4
2023-12-06,44078,304080,46761169,13446,3
2023-12-06,53386,216173,25672513,13440,8
2023-12-06,20354,201351,46071742,13400,3
2023-12-06,69373,507843,59719288,13320,2
2023-12-06,54587,558873,15758189,13200,1
2023-12-06,37719,205582,19477141,13200,1
2023-12-06,18357,215913,58336108,13199,1
2023-12-06,1610,401534,49002080,13197,2
2023-12-06,42954,402279,3771454,13160,5
2023-12-06,12234,214781,36001665,13139,1
2023-12-06,26549,216173,3767739,13100,5
2023-12-06,402,510003,28663179,13054,2
2023-12-06,2326,204964,4360564,13038,3
2023-12-06,61240,560271,29776526,13000,2
2023-12-06,26451,567645,4108454,13000,1
2023-12-06,37376,506536,83279755,13000,1
2023-12-06,41480,201184,83452891,13000,1
2023-12-06,525,567664,56729654,13000,1
2023-12-06,16765,558873,35047002,12990,1
2023-12-06,60520,558873,3991278,12980,2
2023-12-06,18433,558873,41445743,12960,2
2023-12-06,20354,201351,53551529,12950,5
2023-12-06,1610,558846,36524184,12900,3
2023-12-06,63543,205611,15910919,12859,2
2023-12-06,45954,551732,32938556,12852,4
2023-12-06,32798,563339,38586616,12840,1
2023-12-06,7867,207288,32712164,12820,1
2023-12-06,20354,201351,53551808,12810,7
2023-12-06,193,560271,17674099,12800,4
2023-12-06,15538,207288,33511205,12799,1
2023-12-06,54118,201351,62742046,12798,9
2023-12-06,23067,206440,63039795,12700,4
2023-12-06,525,567664,56729580,12700,1
2023-12-06,54118,201351,47862213,12640,7
2023-12-06,1610,215913,78627334,12599,1
2023-12-06,1610,407120,34893547,12598,2
2023-12-06,54118,201351,53551880,12591,7
2023-12-06,13031,502280,53498453,12580,1
2023-12-06,17658,551228,15993997,12530,1
2023-12-06,2326,204964,10415249,12492,1
2023-12-06,20354,201351,57167447,12474,6
2023-12-06,1918,101535,33978757,12450,3
2023-12-06,42954,501098,3925541,12400,2
2023-12-06,20354,201351,60084350,12320,4
2023-12-06,6174,408789,12308636,12180,10
2023-12-06,4643,216173,9760057,12122,1
2023-12-06,51885,560271,61264302,12100,11
2023-12-06,55120,507843,46361902,12100,2
2023-12-06,24867,205611,19642188,12100,1
2023-12-06,6590,301577,43226308,12100,1
2023-12-06,193,560271,17674253,12000,4
2023-12-06,193,560271,17674046,12000,4
2023-12-06,193,560271,17674079,12000,4
2023-12-06,193,560271,3687269,12000,2
2023-12-06,4541,560271,29776596,12000,1
2023-12-06,14513,207774,51736334,12000,1
2023-12-06,525,567662,56745444,12000,1
2023-12-06,32594,205761,71363734,12000,1
2023-12-06,58880,100992,44057145,12000,1
2023-12-06,61240,560271,29776596,12000,1
2023-12-06,32594,205761,82976253,12000,1
2023-12-06,34840,110409,59268116,11998,2
2023-12-06,24080,502835,30739149,11990,1
2023-12-06,16765,206361,58488613,11990,1
2023-12-06,36477,207774,3795686,11980,2
2023-12-06,61982,507515,7977219,11980,1
2023-12-06,19634,207774,4108649,11960,2
2023-12-06,57855,207802,58493944,11960,1
2023-12-06,51460,567554,48737451,11940,3
2023-12-06,54587,558846,5965327,11940,2
2023-12-06,35815,551228,50925411,11900,1
2023-12-06,1610,215913,78627336,11899,1
2023-12-06,21833,205611,19642002,11880,1
2023-12-06,62193,216424,30684181,11850,1
2023-12-06,48866,408789,31071092,11840,8
2023-12-06,62190,401131,47743676,11820,6
2023-12-06,21267,510003,29532931,11712,8
2023-12-06,525,563342,57476801,11700,3
2023-12-06,54918,202502,32697556,11680,1
2023-12-06,20354,201351,39911106,11520,4
2023-12-06,193,560271,17674129,11400,3
2023-12-06,2326,204934,10572396,11400,1
2023-12-06,61381,502280,39010750,11360,2
2023-12-06,24587,509434,34768153,11360,2
2023-12-06,60832,502221,60558597,11360,2
2023-12-06,55568,502835,44239404,11280,3
2023-12-06,39701,551180,10397796,11280,1
2023-12-06,49339,216424,65071571,11270,1
2023-12-06,193,560271,17674271,11200,4
2023-12-06,38573,214781,3193078,11200,1
2023-12-06,45954,551732,32938464,11160,5
2023-12-06,61457,502280,56589094,11160,2
2023-12-06,193,110365,17674281,11000,5
2023-12-06,63543,205611,16400800,11000,1
2023-12-06,38293,201351,83314318,11000,1
2023-12-06,60430,201351,84266248,11000,1
2023-12-06,21833,205611,19642113,11000,1
2023-12-06,525,567662,56745769,11000,1
2023-12-06,16036,201925,30148510,10999,1
2023-12-06,16765,558846,23247439,10990,1
2023-12-06,193,560271,25151141,10800,6
2023-12-06,193,560271,17674113,10800,4
2023-12-06,193,560271,3687308,10800,3
2023-12-06,15375,558846,12424211,10800,2
2023-12-06,59905,566647,2974132,10800,1
2023-12-06,53722,558873,13806402,10800,1
2023-12-06,63580,214104,12498688,10798,2
2023-12-06,24080,502835,30739125,10791,1
2023-12-06,24080,502835,30739182,10782,1
2023-12-06,18433,558873,40642687,10780,1
2023-12-06,24664,502835,28679745,10730,10
2023-12-06,32798,567664,56729629,10728,1
2023-12-06,525,567664,56729656,10728,1
2023-12-06,525,567664,10054877,10728,1
2023-12-06,21649,567434,35489079,10727,1
2023-12-06,4541,560271,29776571,10700,1
2023-12-06,54118,201351,39568821,10680,4
2023-12-06,54118,201351,42700268,10640,1
2023-12-06,69373,216424,49638498,10620,1
2023-12-06,193,560271,17674151,10500,5
2023-12-06,3005,202502,36616809,10500,3
2023-12-06,30626,407120,47189867,10500,2
2023-12-06,525,563339,57913147,10500,1
2023-12-06,35470,201351,15786069,10440,1
2023-12-06,35470,563342,61579098,10440,1
2023-12-06,525,563339,49293853,10400,1
2023-12-06,1610,207288,51269443,10398,2
2023-12-06,24486,560271,40976426,10392,8
2023-12-06,18094,214099,28630234,10368,2
2023-12-06,49339,216424,65071567,10350,1
2023-12-06,32809,509434,34615038,10311,3
2023-12-06,193,560271,17674221,10260,3
2023-12-06,27239,216424,53379863,10260,1
2023-12-06,28793,207288,51061219,10200,3
2023-12-06,34263,210022,50809337,10189,1
2023-12-06,6590,215913,37033052,10096,2
2023-12-06,54118,201351,56287539,10080,2
2023-12-06,4541,560271,29776526,10000,2
2023-12-06,60052,214104,40722454,10000,2
2023-12-06,525,567664,35582034,10000,2
2023-12-06,27548,214099,82833509,10000,1
2023-12-06,2326,204934,10349863,10000,1
2023-12-06,41013,551736,38125217,10000,1
2023-12-06,31920,201184,36415386,10000,1
2023-12-06,38293,201184,83313383,10000,1
2023-12-06,58880,101384,82943043,10000,1
2023-12-06,31920,564647,31761338,10000,1
2023-12-06,55799,201632,40284846,10000,1
2023-12-06,29864,101384,55437339,10000,1
2023-12-06,48555,101954,83705964,10000,1
2023-12-06,38293,214099,83313790,10000,1
2023-12-06,13415,100487,37340913,10000,1
2023-12-06,41463,101384,55437339,10000,1
2023-12-06,37331,101384,55437339,10000,1
2023-12-06,58880,101384,55437339,10000,1
2023-12-06,27548,101384,55437339,10000,1
2023-12-06,29400,205761,34631151,10000,1
2023-12-06,36477,566647,3779290,9990,1
2023-12-06,17973,567538,26479695,9990,1
2023-12-06,525,567662,63222928,9980,1
2023-12-06,36477,101535,3887738,9980,1
2023-12-06,30626,407120,47189869,9975,1
2023-12-06,525,567664,57803239,9960,2
2023-12-06,525,567662,63223070,9960,2
2023-12-06,32798,563342,38585534,9960,1
2023-12-06,193,110365,14740327,9900,8
2023-12-06,6590,408789,57791463,9900,4
2023-12-06,23380,205582,29755518,9900,2
2023-12-06,21833,205582,19641917,9900,1
2023-12-06,10801,402279,21515518,9900,1
2023-12-06,24867,205582,19064576,9900,1
2023-12-06,37719,205611,19476979,9900,1
2023-12-06,21833,205582,50039638,9900,1
2023-12-06,525,567664,56745933,9900,1
2023-12-06,33112,558873,47921058,9900,1
2023-12-06,37719,205611,19476978,9900,1
2023-12-06,17279,206471,17865800,9900,1
2023-12-06,35173,201925,40626383,9880,1
2023-12-06,54118,506536,53416017,9840,3
2023-12-06,38994,207802,31917252,9834,3
2023-12-06,12998,551180,41267586,9800,1
2023-12-06,525,563339,50497004,9800,1
2023-12-06,30547,567554,21743506,9800,1
2023-12-06,4643,558846,9751313,9790,1
2023-12-06,46959,110409,83594995,9720,1
2023-12-06,4541,560271,29776570,9700,1
2023-12-06,6817,507843,3739280,9636,2
2023-12-06,37724,502280,27954492,9580,1
2023-12-06,23063,201632,6123978,9567,3
2023-12-06,23582,567538,42563843,9556,1
2023-12-06,3005,202502,45408535,9546,3
2023-12-06,193,560271,17674172,9520,4
2023-12-06,54118,506536,35875930,9504,2
2023-12-06,52214,212377,36770797,9504,1
2023-12-06,68130,216424,6352408,9500,2
2023-12-06,51885,560271,61264534,9480,3
2023-12-06,13031,551180,53647936,9450,1
2023-12-06,29222,301577,3728733,9408,2
2023-12-06,20354,201351,53551807,9400,5
2023-12-06,525,563339,32530478,9400,1
2023-12-06,31464,566647,46123873,9360,1
2023-12-06,61240,560271,29776518,9300,1
2023-12-06,38573,214781,3193010,9280,1
2023-12-06,37747,201632,61781378,9240,2
2023-12-06,1610,407120,36877289,9199,1
2023-12-06,69373,216424,49652203,9180,1
2023-12-06,1610,205272,45917627,9099,1
2023-12-06,2326,204964,4405694,9056,1
2023-12-06,36477,566647,3757525,9050,1
2023-12-06,4541,560271,29776591,9000,1
2023-12-06,680,205272,40870772,9000,1
2023-12-06,4541,560271,29776528,9000,1
2023-12-06,30779,205761,10160128,9000,1
2023-12-06,525,567664,56735947,9000,1
2023-12-06,4541,560271,29776592,9000,1
2023-12-06,525,563339,50470518,9000,1
2023-12-06,38293,201184,29082488,9000,1
2023-12-06,34840,110409,59268064,8999,1
2023-12-06,63580,214104,12498637,8998,2
2023-12-06,1610,216173,57108394,8997,1
2023-12-06,61982,507515,52676758,8980,1
2023-12-06,16765,558846,57362187,8970,1
2023-12-06,20354,201351,35874061,8960,2
2023-12-06,46950,216424,57299702,8940,2
2023-12-06,38864,567538,21155963,8900,1
2023-12-06,193,560271,17674055,8800,4
2023-12-06,23067,206440,35256488,8800,4
2023-12-06,52214,558873,56198535,8800,1
2023-12-06,21833,205611,19642103,8800,1
2023-12-06,34698,551732,40303455,8800,1
2023-12-06,10801,201925,3122507,8780,1
2023-12-06,52214,558873,35131339,8778,1
2023-12-06,6590,567554,37033512,8778,1
2023-12-06,61457,207288,56589105,8750,6
2023-12-06,21833,551732,19641901,8712,1
2023-12-06,18356,200181,59539505,8697,3
2023-12-06,2326,204964,4360565,8692,2
2023-12-06,60520,558846,3808428,8690,1
2023-12-06,48654,506536,2441174,8670,2
2023-12-06,525,563339,36752323,8640,2
2023-12-06,19634,101535,26479676,8640,1
2023-12-06,2326,204964,11299536,8619,2
2023-12-06,1610,216173,57108396,8598,2
2023-12-06,54587,558873,17342539,8580,1
2023-12-06,37094,207288,3744892,8568,3
2023-12-06,31867,401131,3852918,8556,4
2023-12-06,525,567662,56729193,8500,1
2023-12-06,17497,110435,61771008,8400,6
2023-12-06,18372,560271,47700132,8400,5
2023-12-06,50839,205761,6960878,8400,3
2023-12-06,193,560271,17674274,8400,3
2023-12-06,9159,551736,60749788,8400,2
2023-12-06,42115,216424,17389730,8400,1
2023-12-06,45883,201184,44686441,8375,5
2023-12-06,34698,551732,40425734,8360,1
2023-12-06,69373,507843,59719026,8280,1
2023-12-06,14513,110409,44753281,8200,1
2023-12-06,34226,508456,44479872,8184,3
2023-12-06,2326,204964,7163779,8146,2
2023-12-06,38994,207802,31916438,8140,3
2023-12-06,37719,205582,19477017,8140,1
2023-12-06,525,563339,56745411,8100,1
2023-12-06,193,560271,3687284,8000,2
2023-12-06,38864,567538,16465215,8000,1
2023-12-06,4541,560271,29776523,8000,1
2023-12-06,61240,560271,29776520,8000,1
2023-12-06,4541,560271,29776520,8000,1
2023-12-06,61240,560271,29776525,8000,1
2023-12-06,32798,563339,32530729,8000,1
2023-12-06,38293,201351,83313894,8000,1
2023-12-06,41480,201184,32492582,8000,1
2023-12-06,35518,551180,38207262,7998,2
2023-12-06,1610,205272,41700716,7998,2
2023-12-06,44078,304080,46761766,7990,2
2023-12-06,6174,558846,47599878,7990,1
2023-12-06,16765,558846,57362196,7990,1
2023-12-06,52214,558846,83925344,7984,1
2023-12-06,35913,110632,4087815,7980,1
2023-12-06,35913,110632,4087917,7980,1
2023-12-06,35913,511293,4085601,7980,1
2023-12-06,17973,567538,3791393,7960,2
2023-12-06,34263,210022,23779724,7925,1
2023-12-06,34698,551732,40305457,7920,1
2023-12-06,42804,216173,43486262,7900,1
2023-12-06,27037,502280,4055546,7850,1
2023-12-06,68130,216424,6571929,7850,1
2023-12-06,525,563339,46902606,7840,1
2023-12-06,18357,558846,36524181,7800,2
2023-12-06,525,567664,56735633,7728,1
2023-12-06,68130,216424,6571966,7720,1
2023-12-06,6590,402279,59586251,7700,2
2023-12-06,10801,402279,33072874,7700,2
2023-12-06,1610,407120,78620385,7699,1
2023-12-06,57506,502280,62905866,7654,1
2023-12-06,24974,214099,41237445,7630,4
2023-12-06,193,560271,17674134,7600,2
2023-12-06,193,560271,17674008,7600,2
2023-12-06,6817,567645,3868855,7600,2
2023-12-06,21825,506539,12836559,7560,2
2023-12-06,23067,206440,63039802,7500,4
2023-12-06,36886,110435,35712100,7497,3
2023-12-06,37747,201632,44145976,7480,2
2023-12-06,4643,551180,9735833,7480,1
2023-12-06,39359,205582,52850348,7440,3
2023-12-06,34840,110409,59268069,7406,2
2023-12-06,53722,558873,12406132,7400,1
2023-12-06,1918,101535,23426867,7399,1
2023-12-06,50839,205761,26187287,7338,2
2023-12-06,2326,204964,12704332,7314,3
2023-12-06,23582,507843,38949431,7290,1
2023-12-06,1610,407120,36877286,7289,1
2023-12-06,42804,205761,31589938,7260,2
2023-12-06,37747,201632,53126759,7260,2
2023-12-06,10801,402279,18195329,7260,1
2023-12-06,49339,216424,36878553,7240,2
2023-12-06,32809,509434,34615043,7238,2
2023-12-06,2326,204964,7163775,7238,1
2023-12-06,62190,558873,47743750,7200,3
2023-12-06,21825,201351,25658564,7200,2
2023-12-06,193,207288,3687301,7200,2
2023-12-06,6817,567645,3868890,7200,1
2023-12-06,525,563339,48998016,7200,1
2023-12-06,1610,402279,55525517,7198,2
2023-12-06,54118,201351,45664881,7120,4
2023-12-06,23582,507843,58360049,7101,1
2023-12-06,23067,206440,52397933,7092,2
2023-12-06,16765,206361,3696177,7080,9
2023-12-06,30626,407120,47189865,7000,2
2023-12-06,52831,206471,23324325,7000,2
2023-12-06,525,567664,40762852,7000,1
2023-12-06,38864,567538,21156092,7000,1
2023-12-06,18357,205272,51585231,6999,1
2023-12-06,1610,205272,51585231,6999,1
2023-12-06,34840,110409,59268115,6999,1
2023-12-06,36477,101535,3769027,6990,1
2023-12-06,16765,206361,58487194,6990,1
2023-12-06,16765,206363,57010175,6980,2
2023-12-06,52578,201632,58388107,6960,2
2023-12-06,18433,558846,30768639,6960,1
2023-12-06,29222,301577,3748709,6930,1
2023-12-06,12998,551180,4165415,6900,1
2023-12-06,1610,407120,78621317,6899,1
2023-12-06,193,560271,17674181,6840,2
2023-12-06,24269,560271,53685547,6840,2
2023-12-06,193,560271,14740291,6800,2
2023-12-06,19634,101535,4099249,6800,1
2023-12-06,21825,201351,25573993,6800,1
2023-12-06,29427,201632,51470780,6787,1
2023-12-06,45883,201184,64221288,6780,1
2023-12-06,54118,201351,39919149,6780,1
2023-12-06,45954,551732,32938527,6768,2
2023-12-06,193,560271,17674185,6720,3
2023-12-06,193,560271,17674186,6720,3
2023-12-06,45954,551732,32938381,6696,2
2023-12-06,35470,207774,55632835,6660,1
2023-12-06,42777,200181,39462263,6620,2
2023-12-06,51885,560271,61264723,6600,6
2023-12-06,51885,560271,61265232,6600,3
2023-12-06,37719,205582,19477145,6600,1
2023-12-06,24867,551736,36432319,6600,1
2023-12-06,13031,502280,33619824,6600,1
2023-12-06,14293,563689,79850113,6600,1
2023-12-06,50839,205761,6960864,6600,1
2023-12-06,24486,560271,4746968,6594,6
2023-12-06,24486,560271,43546225,6594,5
2023-12-06,16765,558846,26839530,6580,2
2023-12-06,69373,507843,59719289,6560,1
2023-12-06,28488,558846,24643209,6545,1
2023-12-06,35913,201351,4134051,6540,3
2023-12-06,28488,558846,23455550,6510,1
2023-12-06,61080,304080,57363610,6500,1
2023-12-06,28488,558846,23504137,6500,1
2023-12-06,4541,110365,29776619,6500,1
2023-12-06,2326,204964,12704333,6492,1
2023-12-06,45883,201184,46279441,6490,1
2023-12-06,37724,502280,38939688,6480,1
2023-12-06,66786,201184,12748798,6444,1
2023-12-06,3005,202502,53735222,6437,1
2023-12-06,3005,202502,53735223,6437,1
2023-12-06,193,560271,25058371,6400,4
2023-12-06,37621,214099,40315265,6400,1
2023-12-06,42954,402279,3777418,6384,2
2023-12-06,30779,216424,3764144,6380,2
2023-12-06,18433,551180,40642675,6380,2
2023-12-06,40428,558873,53938344,6380,1
2023-12-06,17307,301577,26891613,6350,1
2023-12-06,193,560271,17674238,6300,2
2023-12-06,4541,560271,29776524,6300,1
2023-12-06,18357,407120,34893547,6299,1
2023-12-06,55672,507843,36079554,6270,3
2023-12-06,5796,216158,53602481,6210,3
2023-12-06,5796,216158,53602487,6210,3
2023-12-06,57506,201632,84179825,6202,2
2023-12-06,54118,506536,45492199,6160,2
2023-12-06,57720,509417,14955581,6150,1
2023-12-06,61381,502280,39010565,6150,1
2023-12-06,54587,558846,15341739,6072,1
2023-12-06,28488,551180,24643171,6050,1
2023-12-06,193,207288,3687319,6000,2
2023-12-06,193,560271,17674021,6000,2
2023-12-06,29400,205761,34631339,6000,1
2023-12-06,21825,201351,25554593,6000,1
2023-12-06,4541,560271,29776650,6000,1
2023-12-06,63543,205611,24324605,5999,1
2023-12-06,16765,558846,57362164,5990,1
2023-12-06,54587,551180,17342613,5980,1
2023-12-06,24587,502835,41186399,5980,1
2023-12-06,24587,502835,59856369,5980,1
2023-12-06,24974,564647,48176682,5980,1
2023-12-06,57855,207802,3293901,5980,1
2023-12-06,24587,502835,36716238,5980,1
2023-12-06,2326,204964,7163777,5964,1
2023-12-06,48866,408789,31093253,5960,2
2023-12-06,24587,560271,57545964,5960,2
2023-12-06,24587,560271,34767534,5960,2
2023-12-06,24587,560271,48089017,5960,2
2023-12-06,18372,560271,46647274,5960,2
2023-12-06,24587,509434,34767408,5960,2
2023-12-06,47670,565724,35774050,5960,1
2023-12-06,37094,207288,60225808,5940,2
2023-12-06,37747,201632,61781372,5940,1
2023-12-06,12998,551180,4163283,5900,1
2023-12-06,53722,558846,13808629,5900,1
2023-12-06,12998,551180,4165556,5900,1
2023-12-06,21267,567538,50013141,5891,1
2023-12-06,61457,502280,56589093,5880,1
2023-12-06,68489,401131,255259,5850,2
2023-12-06,33610,567645,41324462,5832,1
2023-12-06,24664,502835,28678492,5820,5
2023-12-06,2326,204964,10299600,5800,1
2023-12-06,32809,509434,34615035,5782,2
2023-12-06,32809,509434,34615034,5782,2
2023-12-06,32798,567664,57803149,5700,1
2023-12-06,61381,502221,39010754,5680,1
2023-12-06,60832,502280,60557581,5680,1
2023-12-06,21047,208532,80341488,5675,1
2023-12-06,32809,509434,34615100,5673,3
2023-12-06,18372,560271,52893109,5640,3
2023-12-06,32798,563339,42025363,5600,2
2023-12-06,193,560271,17674043,5600,2
2023-12-06,61240,560271,29776585,5600,1
2023-12-06,61240,560271,29776967,5600,1
2023-12-06,1610,558846,53392578,5599,1
2023-12-06,63704,201632,9220098,5580,1
2023-12-06,525,563339,38586720,5560,2
2023-12-06,1918,101535,23426864,5547,1
2023-12-06,24269,560271,33479552,5520,3
2023-12-06,29222,301577,3733503,5504,1
2023-12-06,37621,551180,40269644,5500,4
2023-12-06,54108,407120,45977666,5500,1
2023-12-06,37719,205582,19477207,5500,1
2023-12-06,24486,560271,12976882,5495,5
2023-12-06,24486,560271,12558903,5495,5
2023-12-06,42777,200181,39462273,5480,1
2023-12-06,61381,502280,39010521,5480,1
2023-12-06,6590,567554,37033088,5480,1
2023-12-06,60520,558873,3990599,5470,1
2023-12-06,193,560271,14740292,5440,2
2023-12-06,2326,204964,6841056,5437,1
2023-12-06,20017,208532,20314599,5400,3
2023-12-06,24664,502835,28677626,5400,3
2023-12-06,35470,207774,55632833,5400,1
2023-12-06,21825,506539,12836558,5400,1
2023-12-06,525,567664,56745976,5400,1
2023-12-06,24486,560271,43537221,5391,9
2023-12-06,60520,558873,3736481,5390,1
2023-12-06,54587,558846,15635607,5390,1
2023-12-06,6174,551180,4597385,5380,2
2023-12-06,6174,551180,5261682,5380,2
2023-12-06,48866,408789,31106307,5380,1
2023-12-06,54118,201351,62744872,5364,2
2023-12-06,69373,567623,49640357,5360,1
2023-12-06,1918,101535,65253455,5352,1
2023-12-06,21833,551736,19641760,5346,1
2023-12-06,21833,551736,19642086,5346,1
2023-12-06,21833,551736,19641898,5346,1
2023-12-06,24587,502835,56305169,5280,1
2023-12-06,24587,502835,57543694,5280,1
2023-12-06,10801,402279,33072868,5280,1
2023-12-06,24587,502835,56305170,5280,1
2023-12-06,38994,207774,56783931,5266,1
2023-12-06,1610,205272,45917630,5198,1
2023-12-06,24486,560271,12975868,5196,4
2023-12-06,62659,401131,35149616,5160,2
2023-12-06,6590,402279,57796621,5154,1
2023-12-06,45954,551732,32938487,5112,2
2023-12-06,12234,567645,39695340,5100,1
2023-12-06,36886,207774,57481738,5097,2
2023-12-06,45954,551732,32938449,5076,2
2023-12-06,54118,201351,60084901,5040,2
2023-12-06,39706,560271,3782450,5000,5
2023-12-06,41695,216173,51595416,5000,5
2023-12-06,24486,560271,40976418,5000,5
2023-12-06,51217,206440,39658764,5000,2
2023-12-06,193,560271,23823706,5000,2
2023-12-06,16914,301577,4141395,5000,1
2023-12-06,38293,214104,83314134,5000,1
2023-12-06,3005,202502,36616810,5000,1
2023-12-06,16765,558846,57362139,4990,1
2023-12-06,16765,558846,57362166,4990,1
2023-12-06,54108,205611,45979183,4990,1
2023-12-06,43304,506539,3757200,4979,1
2023-12-06,24587,560271,34766836,4960,2
2023-12-06,525,563339,38586670,4960,1
2023-12-06,60520,551180,3823602,4950,1
2023-12-06,29437,508456,45860150,4950,1
2023-12-06,10801,508456,21961042,4950,1
2023-12-06,6590,408789,57791833,4950,1
2023-12-06,18094,216424,8293776,4950,1
2023-12-06,4643,551180,9742655,4950,1
2023-12-06,4643,558873,9786348,4950,1
2023-12-06,43304,506539,3774731,4940,1
2023-12-06,54118,506536,48777121,4924,1
2023-12-06,23582,507843,38973547,4905,1
2023-12-06,21825,567645,4232621,4900,1
2023-12-06,52831,206471,23327330,4900,1
2023-12-06,52831,206471,23327329,4900,1
2023-12-06,32809,509434,34615051,4891,1
2023-12-06,56626,501098,6845144,4887,1
2023-12-06,22966,206471,1457543,4862,1
2023-12-06,37621,551180,40317615,4840,1
2023-12-06,23067,206440,52397710,4800,2
2023-12-06,44907,207288,65154541,4800,2
2023-12-06,21825,201351,25546311,4800,1
2023-12-06,13415,100487,37327178,4800,1
2023-12-06,525,563339,38586265,4800,1
2023-12-06,29825,207288,53956673,4800,1
2023-12-06,2326,204964,10505504,4800,1
2023-12-06,24486,560271,43537199,4796,3
2023-12-06,32395,567538,32856866,4784,1
2023-12-06,32395,567538,60526929,4784,1
2023-12-06,54918,202502,3722981,4780,1
2023-12-06,20354,201351,56449137,4780,1
2023-12-06,20354,201351,60084903,4770,3
2023-12-06,18372,560271,57373011,4760,2
2023-12-06,20354,201351,35874057,4760,2
2023-12-06,54118,201351,28515840,4760,2
2023-12-06,18372,560271,57373007,4760,2
2023-12-06,54118,201351,35874053,4760,2
2023-12-06,24867,551732,19641766,4752,1
2023-12-06,21833,551732,19641900,4752,1
2023-12-06,24867,551732,19641763,4752,1
2023-12-06,6590,408789,57791489,4730,2
2023-12-06,6590,567554,37033156,4730,1
2023-12-06,15375,558846,12406130,4700,1
2023-12-06,28886,205761,52736874,4690,2
2023-12-06,46959,110409,41917907,4680,1
2023-12-06,33112,558846,53480734,4680,1
2023-12-06,24664,502835,28670617,4656,4
2023-12-06,202,551180,3148761,4656,1
2023-12-06,28488,558846,25244198,4620,1
2023-12-06,69451,216424,46995282,4620,1
2023-12-06,28488,558846,25243844,4620,1
2023-12-06,1918,101535,65253457,4612,1
2023-12-06,6590,402279,59586382,4600,1
2023-12-06,23067,206440,58416344,4600,1
2023-12-06,24587,560271,53125715,4560,2
2023-12-06,2326,204964,4584671,4540,1
2023-12-06,3005,202502,54651820,4528,1
2023-12-06,22966,206471,2957105,4519,1
2023-12-06,57784,207774,49559641,4500,2
2023-12-06,51885,560271,52033975,4500,2
2023-12-06,193,560271,3687302,4500,1
2023-12-06,48461,207288,24325153,4500,1
2023-12-06,193,560271,3687307,4500,1
2023-12-06,30626,407120,47189863,4500,1
2023-12-06,38864,567538,25891500,4500,1
2023-12-06,193,560271,3687304,4500,1
2023-12-06,1610,216173,57789383,4499,1
2023-12-06,20354,201351,35874059,4480,1
2023-12-06,20354,201351,35874063,4480,1
2023-12-06,53722,558846,12406137,4480,1
2023-12-06,13415,100487,37339153,4480,1
2023-12-06,525,563339,38586578,4480,1
2023-12-06,51217,558873,31813382,4480,1
2023-12-06,42413,502280,31878815,4480,1
2023-12-06,37094,207288,57496705,4462,2
2023-12-06,2326,204964,10299596,4455,1
2023-12-06,54108,408789,45978202,4455,1
2023-12-06,54587,558846,5968696,4445,1
2023-12-06,32876,506536,2973328,4440,1
2023-12-06,202,558846,2979007,4427,1
2023-12-06,1918,101535,56348581,4426,1
2023-12-06,28488,558873,25193964,4410,1
2023-12-06,193,110365,17674282,4400,2
2023-12-06,37621,551180,40263625,4400,1
2023-12-06,54587,551180,15341713,4400,1
2023-12-06,24867,551732,19272169,4400,1
2023-12-06,23063,201632,6124026,4400,1
2023-12-06,34838,214104,33039788,4400,1
2023-12-06,23063,201632,6123989,4400,1
2023-12-06,33610,101535,64460843,4397,1
2023-12-06,21267,507843,57010951,4391,1
2023-12-06,18372,560271,40489553,4360,2
2023-12-06,30779,216173,12247708,4356,2
2023-12-06,38994,207774,56783708,4356,2
2023-12-06,2326,204964,4360563,4346,1
2023-12-06,18357,558846,36524171,4300,1
2023-12-06,18357,558846,36524184,4300,1
2023-12-06,1610,558846,55124294,4299,1
2023-12-06,18356,402279,55525519,4299,1
2023-12-06,20354,201351,53551877,4290,3
2023-12-06,69451,216424,46995281,4290,1
2023-12-06,6174,551180,5135580,4280,2
2023-12-06,37191,207288,3753664,4280,1
2023-12-06,21267,567538,39578943,4272,2
2023-12-06,2326,204964,4405687,4255,1
2023-12-06,2326,204964,10371667,4255,1
2023-12-06,10801,508456,40459127,4240,1
2023-12-06,22966,206471,2957101,4210,1
2023-12-06,28488,551180,25238175,4200,2
2023-12-06,193,110365,17673976,4200,2
2023-12-06,53069,567538,1339470,4200,1
2023-12-06,525,563339,42025363,4200,1
2023-12-06,28488,206440,24645649,4200,1
2023-12-06,12998,567538,32844157,4200,1
2023-12-06,525,563339,38586526,4200,1
2023-12-06,1610,207288,43140152,4199,1
2023-12-06,18357,207288,43140152,4199,1
2023-12-06,43129,560271,33191294,4197,3
2023-12-06,6174,408789,12682220,4170,3
2023-12-06,2326,204964,10415250,4164,1
2023-12-06,48866,408789,31071785,4160,2
2023-12-06,3005,202502,45409425,4140,1
2023-12-06,53386,201632,25825381,4052,1
2023-12-06,35470,101535,12452486,4050,1
2023-12-06,29851,401534,50935630,4050,1
2023-12-06,24486,560271,43556461,4000,4
2023-12-06,525,563342,51082784,4000,1
2023-12-06,28488,551180,23450474,4000,1
2023-12-06,202,558846,2624512,4000,1
2023-12-06,3223,205611,51709088,4000,1
2023-12-06,1610,200181,56504941,3999,1
2023-12-06,1610,215913,46580667,3998,1
2023-12-06,18356,215913,46580667,3998,1
2023-12-06,36886,110435,46706931,3996,3
2023-12-06,37191,207288,3753389,3990,1
2023-12-06,24677,206440,60314494,3990,1
2023-12-06,16765,558846,57362197,3990,1
2023-12-06,2326,204964,4360568,3982,1
2023-12-06,55568,206440,39744803,3980,2
2023-12-06,10801,402279,25399571,3980,1
2023-12-06,2326,204964,4562289,3980,1
2023-12-06,24587,560271,56305590,3980,1
2023-12-06,62428,567623,49542841,3980,1
2023-12-06,24587,560271,34767323,3980,1
2023-12-06,24587,560271,34767274,3980,1
2023-12-06,17497,214099,41428264,3980,1
2023-12-06,48539,201632,10645456,3980,1
2023-12-06,7160,558846,64861549,3980,1
2023-12-06,202,558846,2979009,3979,1
2023-12-06,193,560271,25151164,3960,2
2023-12-06,30779,216424,6130063,3960,1
2023-12-06,42413,216173,31878699,3960,1
2023-12-06,39118,567538,563425,3950,2
2023-12-06,45883,201184,50545018,3950,1
2023-12-06,35470,101535,12452481,3924,1
2023-12-06,50839,205761,6960889,3900,3
2023-12-06,7160,401534,64860362,3900,2
2023-12-06,59074,206440,44349996,3900,1
2023-12-06,1610,558846,36524181,3900,1
2023-12-06,53722,551180,12804542,3900,1
2023-12-06,24486,560271,43537205,3897,3
2023-12-06,46959,110409,83595064,3888,2
2023-12-06,525,563342,38585704,3880,1
2023-12-06,525,563342,51881587,3880,1
2023-12-06,24587,560271,57386270,3880,1
2023-12-06,5796,216158,53601283,3870,1
2023-12-06,5796,216158,53601228,3870,1
2023-12-06,29735,502221,48279856,3850,1
2023-12-06,59708,551180,44485374,3850,1
2023-12-06,21825,506539,11538114,3850,1
2023-12-06,28488,206440,25218940,3850,1
2023-12-06,193,560271,17674176,3840,2
2023-12-06,193,560271,17674297,3800,1
2023-12-06,193,560271,17674268,3800,1
2023-12-06,193,560271,17674259,3800,1
2023-12-06,193,560271,17674247,3800,1
2023-12-06,193,560271,17674002,3800,1
2023-12-06,45883,201184,39931728,3800,1
2023-12-06,52214,206471,53377362,3795,1
2023-12-06,66786,201184,12771178,3780,1
2023-12-06,28488,558846,25217971,3780,1
2023-12-06,4643,551180,9742804,3762,1
2023-12-06,525,563339,38586635,3760,1
2023-12-06,6590,402279,59586125,3740,2
2023-12-06,6590,402279,59586384,3740,2
2023-12-06,37747,201632,44145961,3740,1
2023-12-06,52578,201632,55286015,3738,1
2023-12-06,57784,207774,49561372,3726,1
2023-12-06,1918,207774,24791828,3703,1
2023-12-06,1918,207774,56136848,3695,1
2023-12-06,12234,214781,6265839,3689,1
2023-12-06,1918,101535,65253458,3686,1
2023-12-06,24587,560271,56305623,3680,1
2023-12-06,44058,506539,3831914,3670,1
2023-12-06,28488,206440,25213024,3635,1
2023-12-06,3005,202502,45408543,3619,1
2023-12-06,3005,202502,45408257,3619,1
2023-12-06,9159,110365,3763158,3610,1
2023-12-06,193,110365,17673961,3600,6
2023-12-06,193,110365,9699942,3600,5
2023-12-06,50839,205761,83794542,3600,2
2023-12-06,3005,202502,45408260,3600,1
2023-12-06,21825,567645,4246374,3600,1
2023-12-06,525,563339,38586719,3600,1
2023-12-06,23063,201632,6124102,3598,2
2023-12-06,202,558846,2624627,3596,2
2023-12-06,24486,560271,55060680,3594,3
2023-12-06,3005,202502,36616797,3593,1
2023-12-06,37621,551736,40305602,3584,1
2023-12-06,41398,401534,28364316,3580,2
2023-12-06,20354,506536,57791338,3580,1
2023-12-06,54118,201351,57167447,3564,2
2023-12-06,525,563339,38586276,3560,1
2023-12-06,60471,207288,41229778,3540,3
2023-12-06,202,558846,2979011,3537,1
2023-12-06,51547,401534,9589383,3528,1
2023-12-06,6590,408789,30815277,3520,3
2023-12-06,37747,201632,58746457,3520,2
2023-12-06,23063,201632,56241307,3520,1
2023-12-06,50294,502835,64249439,3510,3
2023-12-06,52214,205582,48789713,3502,1
2023-12-06,52214,205582,48789710,3502,1
2023-12-06,52831,206471,23325477,3500,1
2023-12-06,13415,100487,37337228,3500,1
2023-12-06,193,560271,16763309,3500,1
2023-12-06,7160,558846,64860426,3500,1
2023-12-06,10130,206440,39747338,3500,1
2023-12-06,29222,301577,3745017,3492,1
2023-12-06,16765,206363,57010205,3490,1
2023-12-06,52578,201632,58388109,3480,1
2023-12-06,6590,408789,57791461,3480,1
2023-12-06,20354,201351,56291801,3480,1
2023-12-06,61982,507515,38618554,3480,1
2023-12-06,52578,201632,58388104,3480,1
2023-12-06,20354,201351,57167449,3465,1
2023-12-06,61240,110365,29777344,3430,1
2023-12-06,32876,506536,63618300,3430,1
2023-12-06,3915,567645,56679443,3420,1
2023-12-06,42777,200181,39462269,3420,1
2023-12-06,18650,206440,39745240,3400,1
2023-12-06,43258,560271,45085168,3400,1
2023-12-06,53386,216173,25673082,3360,2
2023-12-06,20354,201351,39568743,3360,1
2023-12-06,51885,509434,29520636,3360,1
2023-12-06,42882,205611,43382526,3350,1
2023-12-06,23063,201632,56241310,3344,1
2023-12-06,68636,216173,39331381,3312,3
2023-12-06,51885,560271,52032706,3300,3
2023-12-06,51885,560271,52033419,3300,3
2023-12-06,51885,560271,52032942,3300,3
2023-12-06,51885,560271,52023236,3300,3
2023-12-06,6590,402279,59586383,3300,2
2023-12-06,59640,216424,17736918,3300,1
2023-12-06,51806,110365,31208499,3300,1
2023-12-06,37747,201632,44146001,3300,1
2023-12-06,45949,401534,35063670,3290,1
2023-12-06,16765,558846,63942278,3290,1
2023-12-06,37747,201632,53126773,3289,1
2023-12-06,525,563339,48538895,3280,1
2023-12-06,24587,560271,55014372,3280,1
2023-12-06,23063,201632,32996150,3280,1
2023-12-06,20354,506536,53416017,3280,1
2023-12-06,65667,510003,19411464,3280,1
2023-12-06,24587,560271,32363766,3280,1
2023-12-06,38994,207774,56783901,3278,1
2023-12-06,18372,560271,55252916,3260,2
2023-12-06,45770,567645,43660419,3240,1
2023-12-06,525,563342,57476802,3240,1
2023-12-06,32876,506536,63616656,3240,1
2023-12-06,57506,201632,84160872,3224,1
2023-12-06,20354,201351,56287553,3222,2
2023-12-06,60567,205611,39746573,3220,1
2023-12-06,23063,201632,6124059,3209,1
2023-12-06,193,110365,17674280,3200,2
2023-12-06,24269,560271,53684633,3200,1
2023-12-06,61457,205611,56590572,3200,1
2023-12-06,525,563342,50950415,3200,1
2023-12-06,13415,100487,37339648,3200,1
2023-12-06,60567,206440,39745833,3200,1
2023-12-06,32798,563339,32530736,3200,1
2023-12-06,53386,216173,25973561,3199,1
2023-12-06,53386,216173,25973475,3199,1
2023-12-06,33372,216173,26464208,3186,2
2023-12-06,63141,206471,44261846,3184,1
2023-12-06,54118,201351,39568895,3180,1
2023-12-06,20354,506536,39568895,3180,1
2023-12-06,54118,201351,47449041,3180,1
2023-12-06,15375,551180,8365889,3170,1
2023-12-06,24486,560271,43530983,3162,2
2023-12-06,20354,201351,47862214,3160,2
2023-12-06,48654,201184,2440344,3148,1
2023-12-06,20354,201351,56293705,3132,1
2023-12-06,42777,200181,39462248,3120,1
2023-12-06,37094,207288,57496704,3104,1
2023-12-06,18650,206440,39748994,3042,2
2023-12-06,202,558846,2624678,3021,1
2023-12-06,27711,560271,82837928,3000,3
2023-12-06,41480,201184,83452685,3000,3
2023-12-06,37191,207288,3755072,3000,2
2023-12-06,17307,216173,26941275,3000,2
2023-12-06,28793,207288,51966480,3000,2
2023-12-06,51885,560271,52034105,3000,2
2023-12-06,53066,214099,3830410,3000,1
2023-12-06,193,560271,17674266,3000,1
2023-12-06,36886,566647,45524690,2999,1
2023-12-06,53386,509417,26329229,2999,1
2023-12-06,24486,560271,38487972,2998,2
2023-12-06,24486,560271,38487981,2998,2
2023-12-06,36886,214104,60041168,2997,2
2023-12-06,24486,560271,12932643,2996,2
2023-12-06,24486,560271,43537207,2995,5
2023-12-06,24486,560271,43537214,2990,3
2023-12-06,16765,206363,57010183,2990,1
2023-12-06,16765,558846,57362113,2990,1
2023-12-06,16765,558846,57362160,2990,1
2023-12-06,24587,560271,36716284,2980,1
2023-12-06,24587,560271,53125684,2980,1
2023-12-06,61851,502835,31807230,2980,1
2023-12-06,24587,560271,57545957,2980,1
2023-12-06,24587,560271,48089009,2980,1
2023-12-06,54118,201351,45794765,2980,1
2023-12-06,18433,206471,46616854,2980,1
2023-12-06,24587,560271,48740703,2980,1
2023-12-06,24587,560271,36716286,2980,1
2023-12-06,24587,560271,53125678,2980,1
2023-12-06,66383,502835,44239349,2980,1
2023-12-06,24587,560271,48311909,2980,1
2023-12-06,48866,408789,31095110,2980,1
2023-12-06,46959,101535,41917873,2980,1
2023-12-06,30547,216173,20842496,2980,1
2023-12-06,24587,560271,48087711,2980,1
2023-12-06,52214,216424,35130976,2970,3
2023-12-06,26971,201632,25838886,2970,1
2023-12-06,4643,551180,9716375,2970,1
2023-12-06,37747,201632,61781389,2970,1
2023-12-06,16765,206361,6608467,2970,1
2023-12-06,26971,201632,25924777,2970,1
2023-12-06,525,563339,38586764,2960,1
2023-12-06,32278,567645,21606300,2952,1
2023-12-06,42882,205611,43382571,2950,1
2023-12-06,37375,506539,47949461,2930,1
2023-12-06,23063,201632,6124096,2888,1
2023-12-06,54118,201351,39911106,2880,1
2023-12-06,24587,560271,56305639,2880,1
2023-12-06,24587,560271,53125530,2880,1
2023-12-06,24587,560271,34386361,2880,1
2023-12-06,24587,560271,53125378,2880,1
2023-12-06,24587,560271,36716249,2880,1
2023-12-06,24587,560271,56305642,2880,1
2023-12-06,24587,560271,48664578,2880,1
2023-12-06,24587,560271,53125585,2880,1
2023-12-06,37094,207288,57496703,2878,1
2023-12-06,2326,204964,11299535,2873,1
2023-12-06,37747,201632,44145994,2860,1
2023-12-06,27037,402279,3920408,2850,1
2023-12-06,45949,401534,23396217,2850,1
2023-12-06,22966,206471,1568490,2827,1
2023-12-06,38994,207802,31914857,2816,2
2023-12-06,193,110365,17673977,2800,2
2023-12-06,50839,205761,6960884,2800,2
2023-12-06,193,560271,14740270,2800,1
2023-12-06,48461,207288,23294049,2800,1
2023-12-06,46950,507843,58540699,2800,1
2023-12-06,193,560271,25151153,2800,1
2023-12-06,55200,510003,47823787,2800,1
2023-12-06,23067,206440,62819033,2800,1
2023-12-06,193,560271,25151154,2800,1
2023-12-06,24486,560271,12930099,2796,2
2023-12-06,54118,201351,45390278,2780,1
2023-12-06,24486,560271,43537225,2778,2
2023-12-06,53069,216424,1339493,2772,1
2023-12-06,18372,560271,41176524,2760,2
2023-12-06,45949,205611,40480181,2760,2
2023-12-06,4643,551180,9715173,2750,1
2023-12-06,4643,551180,9714101,2750,1
2023-12-06,23063,201632,6124068,2745,1
2023-12-06,23063,201632,56241309,2743,1
2023-12-06,34226,508456,44479877,2728,1
2023-12-06,193,560271,14740308,2720,1
2023-12-06,19634,110409,56240976,2700,1
2023-12-06,27037,402279,3903529,2700,1
2023-12-06,29427,201632,26778156,2694,1
2023-12-06,6174,551180,5160623,2690,1
2023-12-06,6174,551180,5086739,2690,1
2023-12-06,6174,551180,5390156,2690,1
2023-12-06,6174,551180,5324999,2690,1
2023-12-06,55568,206440,38711502,2682,1
2023-12-06,37094,207288,3743876,2682,1
2023-12-06,20354,201351,62744873,2682,1
2023-12-06,35470,201351,15786023,2682,1
2023-12-06,54118,201351,46071742,2680,1
2023-12-06,24587,560271,41186327,2680,1
2023-12-06,48866,408789,31102820,2680,1
2023-12-06,24587,560271,56305532,2680,1
2023-12-06,54118,201351,46071741,2680,1
2023-12-06,45949,401534,23955867,2680,1
2023-12-06,51217,558846,31805172,2680,1
2023-12-06,193,110365,17674852,2670,2
2023-12-06,35470,214099,58466611,2664,1
2023-12-06,680,205272,41173609,2650,1
2023-12-06,7160,401534,64856967,2640,2
2023-12-06,37747,201632,61781386,2640,2
2023-12-06,32489,567538,34433780,2640,1
2023-12-06,48817,206440,59123441,2640,1
2023-12-06,38994,207774,56783766,2618,1
2023-12-06,50839,205761,6960891,2600,1
2023-12-06,21825,201351,25659386,2600,1
2023-12-06,31867,201632,3831914,2599,1
2023-12-06,1610,558846,47024482,2599,1
2023-12-06,24486,560271,12931269,2598,2
2023-12-06,24486,560271,12989600,2598,2
2023-12-06,24486,560271,41027063,2598,2
2023-12-06,61851,502835,31807243,2580,1
2023-12-06,48817,551180,59145201,2580,1
2023-12-06,4643,551180,9815893,2574,1
2023-12-06,26549,207288,3749319,2560,2
2023-12-06,41695,216173,41485961,2560,2
2023-12-06,37621,214099,40317356,2560,1
2023-12-06,29825,207288,47992119,2560,1
2023-12-06,6590,408789,47671662,2541,2
2023-12-06,31867,201632,31078267,2538,2
2023-12-06,30779,205761,3787417,2530,1
2023-12-06,21267,507843,41827142,2530,1
2023-12-06,193,560271,17674171,2520,1
2023-12-06,525,563342,38585497,2516,1
2023-12-06,50839,205761,6778534,2500,2
2023-12-06,13588,551180,54414653,2500,1
2023-12-06,193,560271,17674214,2500,1
2023-12-06,6174,551180,5175751,2490,1
2023-12-06,66383,502835,44239347,2490,1
2023-12-06,6174,408789,12659816,2490,1
2023-12-06,42413,502221,31878781,2480,1
2023-12-06,20354,201351,53416024,2480,1
2023-12-06,54118,506536,53415996,2480,1
2023-12-06,24587,560271,36716564,2480,1
2023-12-06,42797,201632,67514166,2480,1
2023-12-06,54118,506536,45794763,2480,1
2023-12-06,54118,201351,53416024,2480,1
2023-12-06,54118,506536,53415997,2480,1
2023-12-06,37621,551180,40310219,2475,1
2023-12-06,29878,551736,6448332,2472,1
2023-12-06,29878,551736,41833159,2472,1
2023-12-06,6590,402279,37032958,2470,1
2023-12-06,193,560271,78306838,2455,1
2023-12-06,21267,567538,50011634,2450,1
2023-12-06,22592,214099,50584395,2440,1
2023-12-06,37621,551180,40292276,2420,2
2023-12-06,37747,201632,53126768,2420,1
2023-12-06,37747,201632,53126751,2420,1
2023-12-06,37747,201632,53126756,2420,1
2023-12-06,52578,560271,43263657,2418,1
2023-12-06,193,110365,17674252,2400,2
2023-12-06,21047,205761,43674216,2400,1
2023-12-06,193,110365,17671415,2400,1
2023-12-06,20017,215913,22190213,2400,1
2023-12-06,21047,205761,43674213,2400,1
2023-12-06,18650,216173,39749816,2400,1
2023-12-06,29878,551736,7015008,2400,1
2023-12-06,23063,207288,6123993,2399,1
2023-12-06,24486,560271,12932636,2396,2
2023-12-06,54118,201351,28515846,2380,1
2023-12-06,54118,201351,28515855,2380,1
2023-12-06,37094,207288,3752671,2380,1
2023-12-06,7160,401534,64861543,2380,1
2023-12-06,20354,201351,28515855,2380,1
2023-12-06,20354,201351,28515840,2380,1
2023-12-06,18372,560271,57373010,2380,1
2023-12-06,20354,201351,29947184,2380,1
2023-12-06,53722,551180,11509710,2380,1
2023-12-06,20354,201351,35874052,2380,1
2023-12-06,37562,567645,4011971,2376,1
2023-12-06,33372,216173,26468177,2370,2
2023-12-06,47537,401131,30371895,2350,1
2023-12-06,2326,204964,10330077,2346,1
2023-12-06,23582,507843,38973533,2340,1
2023-12-06,12234,567645,23246739,2339,1
2023-12-06,193,110365,17674250,2300,1
2023-12-06,29222,502280,40479019,2300,1
2023-12-06,37185,560271,25056079,2300,1
2023-12-06,23067,206440,63039797,2300,1
2023-12-06,6174,558846,5262328,2290,1
2023-12-06,24587,560271,56305606,2280,1
2023-12-06,10801,508456,21959903,2280,1
2023-12-06,7160,401534,64858252,2280,1
2023-12-06,525,563339,39517172,2280,1
2023-12-06,46959,101535,41917486,2280,1
2023-12-06,24587,560271,57546072,2280,1
2023-12-06,202,551180,2624695,2263,1
2023-12-06,43129,110365,58413765,2247,3
2023-12-06,26549,207288,3758599,2230,1
2023-12-06,3915,567645,58782370,2214,1
2023-12-06,51885,560271,52033812,2200,2
2023-12-06,51885,560271,52024668,2200,2
2023-12-06,24587,560271,53125671,2200,1
2023-12-06,193,560271,23823704,2200,1
2023-12-06,24867,551732,19272075,2200,1
2023-12-06,51885,560271,61264625,2200,1
2023-12-06,193,110365,14740331,2200,1
2023-12-06,24587,560271,53125673,2200,1
2023-12-06,37747,201632,60629860,2200,1
2023-12-06,34698,551732,40303452,2200,1
2023-12-06,21833,551736,19417606,2200,1
2023-12-06,24867,551736,36432317,2200,1
2023-12-06,21267,567538,58524136,2200,1
2023-12-06,24486,560271,12932325,2198,2
2023-12-06,24486,560271,41027043,2198,2
2023-12-06,24486,560271,40976396,2198,1
2023-12-06,525,563342,51082742,2180,1
2023-12-06,30547,205761,20223039,2180,1
2023-12-06,28285,100487,54373405,2180,1
2023-12-06,24974,214099,41237307,2164,2
2023-12-06,2326,204964,6895375,2164,1
2023-12-06,9159,110365,58257292,2160,1
2023-12-06,19634,110409,4211460,2160,1
2023-12-06,19634,110409,4207997,2160,1
2023-12-06,40500,402279,9659765,2144,1
2023-12-06,37094,207288,3742943,2142,1
2023-12-06,21047,205761,43672646,2100,1
2023-12-06,35518,551180,30109950,2083,1
2023-12-06,60567,206440,39744801,2080,1
2023-12-06,7160,401534,64861514,2080,1
2023-12-06,193,560271,78306889,2073,1
2023-12-06,62190,401131,47743665,2050,1
2023-12-06,45949,401534,23955857,2030,1
2023-12-06,24486,560271,12929609,2000,2
2023-12-06,24486,560271,12932656,2000,2
2023-12-06,27711,560271,56195023,2000,2
2023-12-06,17497,214099,45457454,2000,2
2023-12-06,27711,560271,41239758,2000,2
2023-12-06,24486,560271,40976425,2000,2
2023-12-06,7160,551180,64858690,2000,1
2023-12-06,24587,560271,57543796,2000,1
2023-12-06,402,101020,54659284,2000,1
2023-12-06,35821,207288,2275949,2000,1
2023-12-06,31867,201632,10599909,1999,1
2023-12-06,18357,215913,46580649,1999,1
2023-12-06,24486,560271,82699354,1999,1
2023-12-06,37185,560271,27303135,1999,1
2023-12-06,37621,207288,40312858,1995,1
2023-12-06,6590,408789,57791839,1990,1
2023-12-06,21833,551736,19064628,1980,1
2023-12-06,55568,502835,44239958,1980,1
2023-12-06,37185,560271,83276075,1980,1
2023-12-06,7314,214099,45067869,1980,1
2023-12-06,24486,560271,61850509,1980,1
2023-12-06,6590,408789,57791456,1980,1
2023-12-06,59905,205611,64894800,1980,1
2023-12-06,37747,201632,60629967,1980,1
2023-12-06,37747,201632,58746462,1980,1
2023-12-06,525,563342,38585690,1980,1
2023-12-06,24587,509434,57543464,1980,1
2023-12-06,29427,201632,19719546,1960,1
2023-12-06,193,110365,17671331,1960,1
2023-12-06,6590,205611,37032898,1960,1
2023-12-06,52831,206471,23327303,1950,1
2023-12-06,24486,560271,12954090,1947,3
2023-12-06,19634,214099,56244542,1920,1
2023-12-06,525,563339,41208362,1900,2
2023-12-06,24269,401534,47716238,1880,1
2023-12-06,32798,563339,39540265,1880,1
2023-12-06,20354,201351,45492181,1880,1
2023-12-06,54118,201351,53551807,1880,1
2023-12-06,33372,216173,26463624,1876,2
2023-12-06,193,560271,14740214,1840,1
2023-12-06,51885,560271,52028217,1800,2
2023-12-06,57784,207774,49559637,1800,1
2023-12-06,2326,204964,10371663,1800,1
2023-12-06,2326,204964,11299538,1800,1
2023-12-06,57784,207774,49559603,1800,1
2023-12-06,47787,401131,10914303,1800,1
2023-12-06,68489,401131,483973,1800,1
2023-12-06,24664,502835,28678474,1800,1
2023-12-06,23067,206440,62741928,1800,1
2023-12-06,193,110365,25247930,1800,1
2023-12-06,48623,216173,27998464,1799,1
2023-12-06,24486,560271,12558478,1798,2
2023-12-06,6174,551180,4990104,1790,1
2023-12-06,20354,201351,56290597,1790,1
2023-12-06,59905,205611,64894806,1782,1
2023-12-06,24486,560271,12976290,1781,1
2023-12-06,20354,201351,38160777,1780,1
2023-12-06,20354,201351,45664881,1780,1
2023-12-06,43129,560271,33191308,1780,1
2023-12-06,42797,206471,10790502,1780,1
2023-12-06,43129,560271,33191277,1780,1
2023-12-06,52578,201632,55286054,1758,1
2023-12-06,52578,560271,43263705,1758,1
2023-12-06,28488,558846,25014917,1750,1
2023-12-06,12234,567645,26186461,1709,1
2023-12-06,47787,558873,10697881,1700,1
2023-12-06,50839,205761,6960960,1700,1
2023-12-06,193,560271,17674108,1700,1
2023-12-06,12234,567645,39694830,1700,1
2023-12-06,525,563339,38586420,1700,1
2023-12-06,6590,402279,59586124,1690,1
2023-12-06,57637,201632,30114192,1680,1
2023-12-06,20354,201351,42694592,1680,1
2023-12-06,20354,201351,60084901,1680,1
2023-12-06,18372,560271,36771818,1680,1
2023-12-06,20354,201351,56287539,1680,1
2023-12-06,54118,201351,39568743,1680,1
2023-12-06,54118,201351,47449040,1680,1
2023-12-06,42595,206471,62675559,1670,1
2023-12-06,37747,201632,61781383,1650,1
2023-12-06,30547,216173,20842490,1650,1
2023-12-06,52578,201632,45607532,1648,1
2023-12-06,52578,201632,55286016,1648,1
2023-12-06,42595,206471,62684087,1640,1
2023-12-06,18372,560271,52892627,1630,1
2023-12-06,52578,201632,55285996,1626,1
2023-12-06,37621,206363,61267367,1624,1
2023-12-06,193,560271,6113093,1619,1
2023-12-06,23067,206440,57427995,1600,1
2023-12-06,24486,560271,38487995,1599,1
2023-12-06,24486,560271,12929132,1599,1
2023-12-06,24486,560271,43537215,1596,3
2023-12-06,54108,402279,45979182,1595,1
2023-12-06,42595,206471,62684085,1590,1
2023-12-06,16765,206361,10141110,1580,2
2023-12-06,30547,216173,20842533,1580,1
2023-12-06,28285,100487,54374811,1580,1
2023-12-06,30547,216173,20842469,1580,1
2023-12-06,20354,201351,47862213,1580,1
2023-12-06,7160,401534,64858738,1580,1
2023-12-06,23067,206440,52397927,1552,1
2023-12-06,193,560271,17674062,1540,1
2023-12-06,525,563342,48765827,1540,1
2023-12-06,51885,560271,52033697,1500,3
2023-12-06,7867,110365,46007285,1500,1
2023-12-06,24486,560271,12986360,1499,1
2023-12-06,24486,560271,43537247,1499,1
2023-12-06,24486,560271,43552050,1499,1
2023-12-06,24974,214099,41237508,1490,2
2023-12-06,6174,551180,6094683,1490,1
2023-12-06,6590,408789,57791644,1490,1
2023-12-06,23067,206440,52397917,1488,1
2023-12-06,525,563339,38586307,1480,1
2023-12-06,69949,401131,29971850,1480,1
2023-12-06,28285,100487,54369473,1480,1
2023-12-06,7160,401534,64860051,1480,1
2023-12-06,43258,560271,36543316,1480,1
2023-12-06,7160,401534,64861166,1480,1
2023-12-06,525,563339,38586336,1480,1
2023-12-06,38864,567538,25891383,1456,1
2023-12-06,10130,216173,39747403,1440,1
2023-12-06,49758,567645,4563663,1438,1
2023-12-06,18372,560271,57129497,1430,1
2023-12-06,34698,551736,40305435,1430,1
2023-12-06,18372,560271,57053191,1430,1
2023-12-06,54118,201351,53551877,1430,1
2023-12-06,525,563342,49293797,1420,1
2023-12-06,193,560271,8034669,1400,1
2023-12-06,525,563339,48997996,1400,1
2023-12-06,47787,558873,10842283,1400,1
2023-12-06,193,110365,3687295,1400,1
2023-12-06,1610,216173,57814504,1399,1
2023-12-06,24486,560271,35102041,1399,1
2023-12-06,24486,560271,41027056,1399,1
2023-12-06,43129,560271,33191296,1399,1
2023-12-06,24486,560271,12555598,1398,2
2023-12-06,24486,560271,52248525,1398,1
2023-12-06,30547,402279,17450165,1398,1
2023-12-06,24486,560271,12971881,1389,1
2023-12-06,22592,101535,45036026,1380,1
2023-12-06,42954,408789,3860263,1380,1
2023-12-06,525,563339,51881564,1380,1
2023-12-06,32798,563339,51881564,1380,1
2023-12-06,18372,560271,57053254,1380,1
2023-12-06,45949,205611,40480211,1380,1
2023-12-06,24867,551732,18519702,1375,1
2023-12-06,37621,551180,40310230,1375,1
2023-12-06,37621,551180,40313073,1375,1
2023-12-06,33610,567645,54878785,1360,1
2023-12-06,68489,401131,262041,1350,1
2023-12-06,43304,506539,3754282,1350,1
2023-12-06,44907,560271,65156610,1350,1
2023-12-06,24664,208532,28680148,1346,1
2023-12-06,24664,560271,28686376,1346,1
2023-12-06,42595,206471,62675617,1340,1
2023-12-06,26549,216173,3753664,1330,1
2023-12-06,26549,216173,57820618,1330,1
2023-12-06,47853,563339,30316493,1320,1
2023-12-06,47853,563339,30316495,1320,1
2023-12-06,37747,201632,61781384,1320,1
2023-12-06,193,560271,6111819,1300,1
2023-12-06,525,563339,57476851,1300,1
2023-12-06,50839,205761,14652158,1300,1
2023-12-06,525,563339,57476872,1300,1
2023-12-06,51885,560271,61264846,1300,1
2023-12-06,24486,560271,33685731,1299,1
2023-12-06,24486,560271,43537246,1299,1
2023-12-06,24486,560271,12554100,1299,1
2023-12-06,36886,566647,41753019,1299,1
2023-12-06,24486,560271,12976978,1299,1
2023-12-06,24486,560271,12934216,1299,1
2023-12-06,24486,560271,12932726,1299,1
2023-12-06,43129,560271,33191286,1299,1
2023-12-06,24486,560271,43536315,1299,1
2023-12-06,24486,560271,40976419,1299,1
2023-12-06,24486,560271,12928873,1299,1
2023-12-06,24486,560271,12557911,1299,1
2023-12-06,60567,206471,39747579,1280,1
2023-12-06,39706,560271,3874016,1280,1
2023-12-06,37621,214099,40315258,1280,1
2023-12-06,28285,100487,54369477,1280,1
2023-12-06,28285,100487,54360977,1280,1
2023-12-06,19634,110409,4150242,1274,1
2023-12-06,57784,207774,49559065,1260,1
2023-12-06,55568,551732,64819988,1260,1
2023-12-06,41398,401534,28364044,1251,1
2023-12-06,24974,214099,49051702,1228,1
2023-12-06,37621,551180,40313084,1210,1
2023-12-06,3915,567645,37422646,1200,1
2023-12-06,14513,110409,51735801,1200,1
2023-12-06,5796,216173,33198600,1200,1
2023-12-06,21047,205761,43674215,1200,1
2023-12-06,193,560271,25247931,1200,1
2023-12-06,14513,110409,55860613,1200,1
2023-12-06,42882,110365,29424281,1200,1
2023-12-06,50839,205761,83794516,1200,1
2023-12-06,24486,560271,43537234,1199,1
2023-12-06,24486,560271,12974851,1199,1
2023-12-06,24486,560271,35102044,1199,1
2023-12-06,37724,551228,5456412,1199,1
2023-12-06,33372,216173,26467573,1199,1
2023-12-06,24486,560271,12976360,1199,1
2023-12-06,24486,560271,43549297,1199,1
2023-12-06,24486,560271,43537228,1198,2
2023-12-06,24486,560271,43537250,1198,2
2023-12-06,24486,560271,41742012,1198,2
2023-12-06,24486,560271,55060681,1198,1
2023-12-06,24486,560271,43537217,1198,1
2023-12-06,24486,560271,43537220,1198,1
2023-12-06,24486,560271,43537243,1198,1
2023-12-06,24486,560271,43537211,1198,1
2023-12-06,24486,560271,43537200,1198,1
2023-12-06,24486,560271,43537213,1197,3
2023-12-06,24486,560271,43537216,1196,2
2023-12-06,20354,201351,61892527,1190,1
2023-12-06,6174,551180,6137674,1190,1
2023-12-06,525,563339,38586460,1180,1
2023-12-06,26549,216173,30349217,1150,1
2023-12-06,51885,560271,52033459,1100,1
2023-12-06,51885,560271,52031805,1100,1
2023-12-06,50839,205761,6960880,1100,1
2023-12-06,27037,402279,3979128,1100,1
2023-12-06,35821,207288,2275969,1100,1
2023-12-06,24486,560271,43552300,1099,1
2023-12-06,24486,560271,12559136,1099,1
2023-12-06,24486,560271,12985110,1099,1
2023-12-06,24486,560271,43537239,1099,1
2023-12-06,24486,560271,12984824,1099,1
2023-12-06,24486,560271,12591641,1099,1
2023-12-06,24486,560271,35102042,1099,1
2023-12-06,24486,560271,43537248,1099,1
2023-12-06,24486,560271,41027020,1099,1
2023-12-06,24486,560271,43537203,1099,1
2023-12-06,24486,560271,41028105,1099,1
2023-12-06,24486,560271,43537237,1099,1
2023-12-06,24486,560271,52248524,1098,1
2023-12-06,37621,207288,40292040,1097,1
2023-12-06,24486,560271,43537241,1091,1
2023-12-06,32877,207288,3760135,1087,1
2023-12-06,37724,558846,4835229,1080,1
2023-12-06,32798,563342,57476802,1080,1
2023-12-06,37747,560271,34525732,1078,1
2023-12-06,38864,507843,19123827,1063,1
2023-12-06,42595,206440,62675248,1060,1
2023-12-06,21047,205761,43672647,1050,1
2023-12-06,21047,205761,43672648,1050,1
2023-12-06,51885,560271,61265002,1000,2
2023-12-06,51885,560271,52024905,1000,2
2023-12-06,51885,560271,52028667,1000,2
2023-12-06,22592,101535,45036024,1000,1
2023-12-06,20272,560271,65303644,1000,1
2023-12-06,27711,560271,82838092,1000,1
2023-12-06,24486,560271,12932734,1000,1
2023-12-06,41480,201184,83452684,1000,1
2023-12-06,27711,560271,63879269,1000,1
2023-12-06,193,560271,14740275,1000,1
2023-12-06,27711,560271,48304543,1000,1
2023-12-06,44621,207774,56215932,1000,1
2023-12-06,27711,560271,48704782,1000,1
2023-12-06,27711,560271,56939648,1000,1
2023-12-06,27711,560271,51652511,1000,1
2023-12-06,14513,110409,51736511,1000,1
2023-12-06,45883,201184,51795909,1000,1
2023-12-06,24486,560271,43531099,1000,1
2023-12-06,31127,205761,52402080,1000,1
2023-12-06,24486,560271,12990225,1000,1
2023-12-06,27711,560271,56195026,1000,1
2023-12-06,59905,551732,64894722,1000,1
2023-12-06,24486,560271,12554359,1000,1
2023-12-06,40500,206440,23352670,1000,1
2023-12-06,37621,551180,40319030,1000,1
2023-12-06,24486,560271,12989971,1000,1
2023-12-06,26549,216173,3996821,1000,1
2023-12-06,48461,207288,56142553,1000,1
2023-12-06,27711,560271,39376251,1000,1
2023-12-06,24486,560271,12558010,1000,1
2023-12-06,24486,560271,38487985,1000,1
2023-12-06,27711,560271,43514132,1000,1
2023-12-06,24486,560271,43531782,1000,1
2023-12-06,41398,401534,28364094,1000,1
2023-12-06,27711,560271,30314449,1000,1
2023-12-06,36886,214099,53158093,1000,1
2023-12-06,27711,560271,82837823,1000,1
2023-12-06,27848,201632,25913262,1000,1
2023-12-06,43129,560271,33193308,1000,1
2023-12-06,27711,560271,39380098,1000,1
2023-12-06,24974,564647,49052580,999,1
2023-12-06,36886,207774,29346521,999,1
2023-12-06,6174,551180,6134284,990,1
2023-12-06,37621,551736,40310333,986,1
2023-12-06,6117,100487,54289203,980,1
2023-12-06,52578,201632,50150098,966,1
2023-12-06,52578,201632,50150108,966,1
2023-12-06,52578,201632,50150112,966,1
2023-12-06,21047,205761,43672068,960,1
2023-12-06,21047,205761,43672071,960,1
2023-12-06,24974,214099,40556812,957,2
2023-12-06,37621,214099,40319216,950,1
2023-12-06,29878,551732,6402084,950,1
2023-12-06,50294,560271,47701673,940,1
2023-12-06,62659,206440,35153572,900,1
2023-12-06,680,205272,41173593,900,1
2023-12-06,37621,551180,40300065,895,1
2023-12-06,43129,110365,58413788,893,1
2023-12-06,193,110365,16458927,891,1
2023-12-06,27711,560271,38121363,880,1
2023-12-06,52578,201632,39505776,880,1
2023-12-06,33372,216173,26469063,860,1
2023-12-06,69949,401131,29971961,840,1
2023-12-06,59899,110365,58413788,840,1
2023-12-06,37621,214099,40319220,831,1
2023-12-06,50839,205761,14652157,815,1
2023-12-06,193,110365,23581673,800,1
2023-12-06,10130,216173,39749816,800,1
2023-12-06,1610,402279,34784271,800,1
2023-12-06,50294,509434,53865493,800,1
2023-12-06,24486,560271,12557103,799,1
2023-12-06,24486,560271,82699379,798,2
2023-12-06,24486,560271,43545062,798,1
2023-12-06,63704,551228,7521022,780,1
2023-12-06,21917,560271,27151667,770,1
2023-12-06,68636,110365,57910470,756,1
2023-12-06,24486,560271,12954598,749,1
2023-12-06,43813,110365,57494260,740,1
2023-12-06,57784,207774,49558551,720,1
2023-12-06,24664,502835,55877810,709,1
2023-12-06,38864,101954,83327880,700,1
2023-12-06,37621,207288,40258194,693,1
2023-12-06,47787,558873,83679460,690,1
2023-12-06,16765,206361,12619580,690,1
2023-12-06,27848,201632,25917984,680,1
2023-12-06,27848,201632,25915239,680,1
2023-12-06,27848,201632,26050859,680,1
2023-12-06,16027,551736,4360144,650,1
2023-12-06,37621,214099,40314804,640,1
2023-12-06,37621,214099,40314861,640,1
2023-12-06,37621,214099,40318729,640,1
2023-12-06,37621,214099,40315693,640,1
2023-12-06,37621,214099,40314835,640,1
2023-12-06,62190,216173,47743693,600,1
2023-12-06,24486,560271,35102039,599,1
2023-12-06,24486,560271,12555366,599,1
2023-12-06,24486,560271,12975722,599,1
2023-12-06,24486,560271,43537232,599,1
2023-12-06,37621,207288,40305583,585,1
2023-12-06,39077,205761,38372015,550,1
2023-12-06,193,110365,17671029,530,1
2023-12-06,18074,560271,65304821,500,1
2023-12-06,27848,201632,24778166,500,1
2023-12-06,24486,560271,40976394,500,1
2023-12-06,51885,560271,61264305,500,1
2023-12-06,29825,207288,47992129,480,1
2023-12-06,38864,101954,83327882,455,1
2023-12-06,24486,560271,12966204,449,1
2023-12-06,34272,565724,41983679,430,1
2023-12-06,22592,101954,63421205,400,4
2023-12-06,24486,560271,12971679,399,1
2023-12-06,24486,560271,82699390,399,1
2023-12-06,23332,560271,63615090,399,1
2023-12-06,24486,560271,12558091,399,1
2023-12-06,68636,110365,39799502,380,1
2023-12-06,37621,551736,40259677,363,1
2023-12-06,68636,110365,35154674,360,2
2023-12-06,47787,206440,83678413,360,1
2023-12-06,47787,206471,10708244,300,1
2023-12-06,51547,402279,14826614,0,1
