date,shop,genre,item,sales,units
2024-06-28,32603,508599,45392568,490342,1
2024-06-28,193,560271,17674074,396800,124
2024-06-28,47745,201184,83667740,364000,13
2024-06-28,1610,301577,57532599,227196,4
2024-06-28,15375,558873,11503035,210000,2
2024-06-28,55691,101384,82950721,200000,1
2024-06-28,34698,304763,18401803,193024,56
2024-06-28,1610,301577,57532602,182997,3
2024-06-28,58880,100992,44053698,176000,2
2024-06-28,47745,201184,83669714,168000,1
2024-06-28,55704,101384,55437373,150000,1
2024-06-28,27548,554973,82833676,148000,1
2024-06-28,47745,201184,82833463,133000,2
2024-06-28,193,560271,17674112,132000,43
2024-06-28,40631,201925,4141995,121000,1
2024-06-28,47745,201184,34101207,120000,4
2024-06-28,16036,301577,60698354,119999,1
2024-06-28,11245,207966,1764953,110400,3
2024-06-28,35669,201184,40047396,104000,8
2024-06-28,42336,208532,34817406,104000,1
2024-06-28,193,560271,17674170,103600,36
2024-06-28,36197,555003,34390183,101080,15
2024-06-28,70972,101384,82834209,100000,2
2024-06-28,60430,101384,82834209,100000,2
2024-06-28,60430,101384,84266265,100000,1
2024-06-28,60430,101384,55437364,100000,1
2024-06-28,37497,101384,83281950,100000,1
2024-06-28,37331,101384,55437364,100000,1
2024-06-28,64134,101384,55437364,100000,1
2024-06-28,55691,101384,82950720,100000,1
2024-06-28,18433,206361,58561163,97500,10
2024-06-28,58523,502280,55487351,90740,13
2024-06-28,27548,506012,82833659,90000,1
2024-06-28,57720,510003,14955402,89740,8
2024-06-28,28979,101535,3959380,82000,2
2024-06-28,70972,101384,55437352,80000,1
2024-06-28,61982,507515,52676762,79420,4
2024-06-28,24293,506012,6037936,78000,1
2024-06-28,47745,201184,83227580,76000,1
2024-06-28,37497,201184,83281947,75000,2
2024-06-28,11245,207966,1759298,73600,2
2024-06-28,1610,502280,60698322,72999,1
2024-06-28,525,567664,56739388,72640,8
2024-06-28,37497,201184,83281960,72000,4
2024-06-28,23590,502835,29764651,71286,2
2024-06-28,38293,201184,48566789,69000,3
2024-06-28,2326,204934,4698001,66364,1
2024-06-28,3005,202502,53735220,65930,14
2024-06-28,41480,201184,83308107,64000,4
2024-06-28,23590,564895,48995150,63099,1
2024-06-28,193,560271,17674094,60000,20
2024-06-28,64134,101384,82834208,60000,2
2024-06-28,50867,204586,29180765,60000,1
2024-06-28,525,567662,56729107,59000,5
2024-06-28,24486,560271,43537209,52560,19
2024-06-28,32594,206363,83095097,52000,1
2024-06-28,38864,567538,2115146,51800,7
2024-06-28,287,563342,9668962,51594,1
2024-06-28,193,560271,17674194,51000,17
2024-06-28,64134,101384,82834209,50000,1
2024-06-28,1610,401534,46701133,48840,6
2024-06-28,3005,202502,53735221,48296,8
2024-06-28,52044,207774,38197913,48000,4
2024-06-28,44265,201184,3842722,48000,2
2024-06-28,17277,506536,50592652,47640,1
2024-06-28,193,560271,17674339,47600,14
2024-06-28,50867,100181,83799919,47000,1
2024-06-28,64182,216424,25890843,46700,5
2024-06-28,32595,506536,83098033,46000,2
2024-06-28,58070,501098,40027534,45000,5
2024-06-28,11245,554973,6016250,45000,1
2024-06-28,47745,201184,83667728,45000,1
2024-06-28,47745,201184,83668784,45000,1
2024-06-28,57720,509417,14955587,44478,7
2024-06-28,193,560271,17674013,44200,17
2024-06-28,36197,555003,53011880,44160,14
2024-06-28,202,551180,2714215,42888,1
2024-06-28,11245,506012,6037935,42000,1
2024-06-28,24293,506012,6037935,42000,1
2024-06-28,193,560271,17674286,41800,11
2024-06-28,525,567664,56735629,40000,5
2024-06-28,38293,214099,83313334,40000,4
2024-06-28,38864,510003,25986330,40000,3
2024-06-28,70972,101384,55437341,40000,2
2024-06-28,58070,101384,55437341,40000,2
2024-06-28,47745,201184,83667587,40000,1
2024-06-28,16036,201925,51680598,39999,1
2024-06-28,287,511293,6562842,39732,7
2024-06-28,32809,509434,34615074,39420,9
2024-06-28,193,560271,17674350,38000,10
2024-06-28,36197,555003,53011879,37000,20
2024-06-28,1610,301577,57532598,36899,1
2024-06-28,2326,207966,10558108,36800,1
2024-06-28,24293,207966,1764952,36800,1
2024-06-28,64914,551228,24272347,36000,1
2024-06-28,47745,564647,83670897,36000,1
2024-06-28,4643,551180,9662855,35200,4
2024-06-28,29222,301577,3744892,34920,9
2024-06-28,23590,564895,48999459,34799,1
2024-06-28,68130,214781,15567954,34760,2
2024-06-28,69373,507843,48570783,34450,5
2024-06-28,46926,110435,83592320,34000,1
2024-06-28,52239,101954,33096433,34000,1
2024-06-28,63141,100487,44259668,33600,1
2024-06-28,1610,301577,30679476,33400,2
2024-06-28,24486,560271,41027058,33373,9
2024-06-28,287,511293,10437245,33110,6
2024-06-28,287,567665,6793654,32997,1
2024-06-28,18433,206361,41450875,32940,3
2024-06-28,54108,204586,45977679,32670,1
2024-06-28,287,567665,11368774,32190,1
2024-06-28,58880,100992,44052421,32000,1
2024-06-28,193,560271,17674312,31500,9
2024-06-28,60832,502280,60558600,31200,4
2024-06-28,50867,567554,83799617,31000,1
2024-06-28,58070,502835,84223572,31000,1
2024-06-28,33579,206440,56166089,30420,6
2024-06-28,16036,215913,58336140,30299,1
2024-06-28,24293,554973,6016247,30000,1
2024-06-28,55691,101384,54789897,30000,1
2024-06-28,36047,101384,82834146,30000,1
2024-06-28,27548,401131,82834176,30000,1
2024-06-28,57086,101384,54789897,30000,1
2024-06-28,29398,551736,3903252,30000,1
2024-06-28,70972,101384,82834208,30000,1
2024-06-28,38293,101384,83313553,30000,1
2024-06-28,11361,551228,26797683,29970,1
2024-06-28,21462,205582,19642041,29700,1
2024-06-28,21462,205582,19642037,29700,1
2024-06-28,34263,210022,56049349,29584,1
2024-06-28,31464,566647,46123875,29000,2
2024-06-28,52044,201184,38514375,28000,2
2024-06-28,57720,509417,14955660,28000,1
2024-06-28,45883,201184,42649563,27920,4
2024-06-28,48623,216173,27998464,27706,11
2024-06-28,1610,301577,30679475,27600,2
2024-06-28,2326,204934,10504923,27500,1
2024-06-28,34263,210022,23974387,27200,1
2024-06-28,24293,554973,6018123,27200,1
2024-06-28,11245,204964,2753388,27185,5
2024-06-28,47745,201184,83094039,27000,1
2024-06-28,1610,205272,35676144,26899,1
2024-06-28,68130,567623,11459797,26380,1
2024-06-28,3005,202502,53735224,26238,3
2024-06-28,29222,301577,3743876,25680,6
2024-06-28,18433,206361,59771269,25600,1
2024-06-28,24486,560271,43537202,25277,7
2024-06-28,24293,204934,1777686,25000,1
2024-06-28,11245,204934,1777686,25000,1
2024-06-28,11245,204934,1777681,25000,1
2024-06-28,1610,215913,58336138,24999,1
2024-06-28,11361,551228,26798335,24970,2
2024-06-28,44078,304080,46761068,24950,5
2024-06-28,33579,206440,56166487,24900,5
2024-06-28,35639,216173,51063426,24840,17
2024-06-28,34263,210022,23858833,24800,1
2024-06-28,1610,215913,58335692,24799,1
2024-06-28,4643,551180,5402259,24750,6
2024-06-28,36477,566647,3792909,24720,3
2024-06-28,287,563342,22983013,23988,1
2024-06-28,193,560271,17674270,23800,7
2024-06-28,11361,551228,26795418,22980,2
2024-06-28,16765,558846,57362187,22960,5
2024-06-28,193,560271,17674259,22800,6
2024-06-28,33579,206440,56166192,22800,4
2024-06-28,525,567664,57803149,22800,4
2024-06-28,69373,507843,59719029,22770,1
2024-06-28,6168,567251,4103204,22668,1
2024-06-28,2326,204964,4405695,22640,3
2024-06-28,202,551180,2714549,22560,2
2024-06-28,21462,205582,19642047,22000,1
2024-06-28,1610,502280,32385140,21999,1
2024-06-28,68130,216424,6571931,21900,1
2024-06-28,287,563342,16171424,21897,1
2024-06-28,2326,204964,7163779,21714,3
2024-06-28,16036,301577,30679477,21600,1
2024-06-28,1610,301577,30679477,21600,1
2024-06-28,47582,100992,57807468,21300,7
2024-06-28,33579,206440,56165174,21200,3
2024-06-28,34263,210022,24005322,21200,1
2024-06-28,2326,204964,4360562,21000,5
2024-06-28,41480,201184,83452838,21000,1
2024-06-28,1610,215913,58336125,20999,1
2024-06-28,11361,551228,13974321,20980,2
2024-06-28,16765,206361,58487194,20970,3
2024-06-28,11361,551228,12005402,20970,2
2024-06-28,68130,214781,15568966,20960,2
2024-06-28,525,567662,56729813,20940,2
2024-06-28,18395,502835,25937000,20891,1
2024-06-28,24293,204934,1779136,20800,1
2024-06-28,24664,502835,28680618,20190,1
2024-06-28,3290,551228,51302732,20159,1
2024-06-28,2326,204964,6841055,20076,4
2024-06-28,193,560271,25151171,20000,8
2024-06-28,11245,204934,1779012,20000,1
2024-06-28,27548,101384,55437341,20000,1
2024-06-28,52239,101384,3750295,20000,1
2024-06-28,38293,201184,48566691,20000,1
2024-06-28,50839,205761,6918692,20000,1
2024-06-28,47745,201184,42072338,20000,1
2024-06-28,525,567662,56746217,20000,1
2024-06-28,38293,101384,50698980,20000,1
2024-06-28,2326,204934,10414417,19991,1
2024-06-28,67811,301577,63317116,19980,1
2024-06-28,5590,206440,12051306,19928,3
2024-06-28,32798,563339,44310793,19900,1
2024-06-28,37778,100487,16000315,19800,1
2024-06-28,24080,502835,30739174,19800,1
2024-06-28,63543,563689,7652405,19800,1
2024-06-28,21833,563689,19641855,19800,1
2024-06-28,11331,551736,38892197,19734,4
2024-06-28,4643,551180,9815728,19580,8
2024-06-28,24293,204964,2753565,19500,1
2024-06-28,33579,206440,56167316,19093,3
2024-06-28,11331,501098,27246659,19074,5
2024-06-28,30626,407120,47189870,18900,1
2024-06-28,48554,566647,536915,18760,2
2024-06-28,33579,206440,56167730,18660,3
2024-06-28,34263,210022,23932618,18480,1
2024-06-28,23067,206440,52397922,18400,7
2024-06-28,193,560271,17674266,18000,6
2024-06-28,193,560271,17674253,18000,6
2024-06-28,21825,201351,25552000,18000,3
2024-06-28,68130,567623,11459791,17980,1
2024-06-28,36477,207774,3795686,17970,3
2024-06-28,525,567662,56746218,17960,2
2024-06-28,525,567662,56749821,17940,3
2024-06-28,36197,555003,52303145,17880,6
2024-06-28,24080,502835,30739143,17820,2
2024-06-28,1610,301577,32820293,17800,1
2024-06-28,11106,206361,54225895,17800,1
2024-06-28,4643,551180,6042332,17600,2
2024-06-28,525,567664,56744928,17600,2
2024-06-28,34698,205582,40427526,17600,1
2024-06-28,45883,201184,64715253,17350,1
2024-06-28,35845,401131,47626933,17160,4
2024-06-28,45954,551732,32938510,16900,4
2024-06-28,1610,200181,53612525,16798,2
2024-06-28,6168,567251,48696993,16614,3
2024-06-28,38864,567538,2115157,16500,1
2024-06-28,11245,204964,2753386,16311,3
2024-06-28,11245,204964,2753696,16200,3
2024-06-28,11106,206361,10003555,16200,1
2024-06-28,52454,402279,83942329,16162,1
2024-06-28,33112,206361,49118187,16100,1
2024-06-28,36197,555003,34390201,16080,6
2024-06-28,3290,551228,51301711,16028,1
2024-06-28,287,563342,11336427,16020,1
2024-06-28,193,560271,17674075,16000,5
2024-06-28,193,560271,17674076,16000,4
2024-06-28,17497,207802,58492858,16000,2
2024-06-28,37497,201184,33073997,16000,1
2024-06-28,44265,566647,3821473,16000,1
2024-06-28,50867,214104,31710838,16000,1
2024-06-28,1610,201925,37638992,15999,1
2024-06-28,11361,551228,8338230,15990,1
2024-06-28,16765,558846,57362154,15980,2
2024-06-28,44078,304080,46761841,15980,2
2024-06-28,24080,502835,30739159,15950,1
2024-06-28,6174,551180,4993042,15920,2
2024-06-28,1610,216173,57789383,15597,3
2024-06-28,6168,567251,7836325,15556,1
2024-06-28,6174,551180,5353688,15540,5
2024-06-28,525,563342,38585695,15360,1
2024-06-28,21649,567434,35489087,15272,1
2024-06-28,52044,110409,38197939,15000,1
2024-06-28,47745,201184,83670739,15000,1
2024-06-28,64902,216424,18238335,15000,1
2024-06-28,57720,567538,14955635,14980,1
2024-06-28,49339,216424,65071553,14980,1
2024-06-28,44078,304080,46759580,14970,3
2024-06-28,44078,304080,46761149,14970,3
2024-06-28,18433,551180,41448612,14900,3
2024-06-28,26549,216173,3753389,14880,9
2024-06-28,40828,509434,18382812,14840,6
2024-06-28,13587,509434,18382812,14840,6
2024-06-28,193,560271,17674046,14800,5
2024-06-28,12998,558846,63255182,14800,1
2024-06-28,57112,205582,3789565,14800,1
2024-06-28,18433,558873,51081479,14800,1
2024-06-28,18433,558873,51081472,14800,1
2024-06-28,525,567664,24190370,14546,2
2024-06-28,24293,204934,1779079,14546,1
2024-06-28,9866,560271,38634094,14455,5
2024-06-28,193,110365,17674218,14400,5
2024-06-28,21825,201351,25546311,14400,2
2024-06-28,6168,567251,4163940,14334,6
2024-06-28,287,563339,11323513,14280,1
2024-06-28,13261,558846,17306284,14280,1
2024-06-28,64902,216424,29583404,14260,1
2024-06-28,24080,502835,30739115,14256,2
2024-06-28,30547,567623,20574213,14250,1
2024-06-28,13261,558846,17306286,14100,1
2024-06-28,40828,509434,8723994,14080,10
2024-06-28,13587,509434,8723994,14080,10
2024-06-28,193,560271,17674274,14000,5
2024-06-28,16036,201925,30148093,13999,1
2024-06-28,287,567665,6905901,13998,1
2024-06-28,11361,551228,14646023,13980,1
2024-06-28,62241,401534,54500785,13948,7
2024-06-28,66144,567665,23366716,13900,1
2024-06-28,32798,563342,49293788,13800,1
2024-06-28,15538,207288,23342428,13799,1
2024-06-28,24080,502835,30739186,13750,1
2024-06-28,30626,407120,47189863,13500,1
2024-06-28,287,110632,9637597,13400,2
2024-06-28,36197,555003,34390200,13320,6
2024-06-28,24293,204934,1775397,13248,1
2024-06-28,287,511293,10337352,13244,3
2024-06-28,11245,204964,2753555,13092,3
2024-06-28,46926,110435,83592221,13000,1
2024-06-28,31920,201351,30288188,13000,1
2024-06-28,24293,204964,2753557,13000,1
2024-06-28,24293,204964,2753563,13000,1
2024-06-28,23735,558873,1420693,13000,1
2024-06-28,57568,201184,84200625,13000,1
2024-06-28,64914,551228,24264914,12990,1
2024-06-28,51185,204586,42761104,12980,1
2024-06-28,193,560271,17674342,12800,4
2024-06-28,37778,100487,18257331,12760,2
2024-06-28,37778,100487,9549531,12760,2
2024-06-28,26549,216173,30349216,12730,8
2024-06-28,525,567664,56729580,12700,1
2024-06-28,11245,204964,2753989,12600,1
2024-06-28,4643,551180,9742804,12540,2
2024-06-28,287,563342,9454123,12480,1
2024-06-28,13261,558846,17306217,12420,1
2024-06-28,1610,407120,34893546,12398,1
2024-06-28,22966,206471,2327048,12360,1
2024-06-28,24486,560271,12558903,12340,9
2024-06-28,525,563342,48765670,12310,1
2024-06-28,193,560271,17674079,12000,4
2024-06-28,525,563339,39517172,12000,2
2024-06-28,35669,201184,42199195,12000,1
2024-06-28,55704,201184,30072076,12000,1
2024-06-28,12234,214781,39694547,12000,1
2024-06-28,57568,201184,83584547,12000,1
2024-06-28,35669,201184,42199189,12000,1
2024-06-28,4541,560271,29776600,12000,1
2024-06-28,47745,201184,83670799,12000,1
2024-06-28,11361,551228,13972385,11990,1
2024-06-28,11361,551228,8306784,11990,1
2024-06-28,62193,216424,30684167,11990,1
2024-06-28,11361,551228,26796577,11980,2
2024-06-28,37191,207288,3753025,11970,3
2024-06-28,6174,558846,4996775,11960,3
2024-06-28,53592,502280,33037086,11960,2
2024-06-28,6174,551180,4755111,11940,6
2024-06-28,65103,301577,15403809,11890,1
2024-06-28,33579,206440,56167938,11880,3
2024-06-28,6174,558846,5173159,11860,3
2024-06-28,18433,206361,11336220,11800,1
2024-06-28,32809,509434,34615032,11800,1
2024-06-28,38994,207802,31916274,11616,1
2024-06-28,525,567662,56746219,11500,1
2024-06-28,1610,201925,58308943,11499,1
2024-06-28,3005,202502,45408255,11457,3
2024-06-28,525,563342,48765669,11400,2
2024-06-28,36197,555003,53011878,11360,6
2024-06-28,35639,216173,15301183,11040,4
2024-06-28,193,560271,23823704,11000,4
2024-06-28,11106,206361,10041661,11000,1
2024-06-28,44265,201184,3931832,11000,1
2024-06-28,4541,560271,29776609,11000,1
2024-06-28,64914,551228,47591996,10990,1
2024-06-28,16765,558846,57362179,10980,2
2024-06-28,11361,551228,9662368,10980,2
2024-06-28,32809,509434,34615045,10960,2
2024-06-28,52214,205582,48789726,10956,2
2024-06-28,35173,201925,40626383,10900,1
2024-06-28,9866,560271,38634203,10857,3
2024-06-28,193,560271,25151141,10800,5
2024-06-28,9866,560271,38633327,10800,4
2024-06-28,525,567664,56746174,10800,2
2024-06-28,525,563339,38586655,10800,1
2024-06-28,24080,502835,30739125,10791,1
2024-06-28,54587,558846,15346133,10780,1
2024-06-28,287,567665,11368709,10730,1
2024-06-28,45954,551736,39802082,10720,3
2024-06-28,525,563339,38586759,10680,1
2024-06-28,49339,216424,38339842,10670,1
2024-06-28,6168,567251,48697110,10641,3
2024-06-28,12805,206440,59335731,10600,3
2024-06-28,34263,210022,25508976,10567,1
2024-06-28,31464,566647,46169691,10500,1
2024-06-28,11361,551228,7747475,10470,2
2024-06-28,193,110365,17674243,10400,16
2024-06-28,22966,206440,2330989,10328,1
2024-06-28,61982,507515,52676761,10280,1
2024-06-28,21649,567434,35489078,10272,1
2024-06-28,21649,567434,35489065,10272,1
2024-06-28,45954,551732,32937969,10140,1
2024-06-28,287,110632,4948334,10050,2
2024-06-28,42115,216424,17390021,10000,1
2024-06-28,2326,204964,6841059,10000,1
2024-06-28,32594,101384,55437339,10000,1
2024-06-28,52044,207774,31710862,10000,1
2024-06-28,57086,101384,54789894,10000,1
2024-06-28,37497,201184,30207321,10000,1
2024-06-28,37497,201184,30206765,10000,1
2024-06-28,57568,101384,60315486,10000,1
2024-06-28,52044,110409,38197925,10000,1
2024-06-28,27548,214104,34818578,10000,1
2024-06-28,38293,214099,83313330,10000,1
2024-06-28,2326,204934,10548991,10000,1
2024-06-28,1610,201925,30148469,9999,1
2024-06-28,18356,502280,33604575,9999,1
2024-06-28,287,567665,10751656,9999,1
2024-06-28,16036,201925,30148471,9999,1
2024-06-28,16765,558873,44274959,9990,1
2024-06-28,11361,551228,24264914,9990,1
2024-06-28,36477,566647,3854679,9990,1
2024-06-28,11361,551228,26790956,9990,1
2024-06-28,44078,304080,46761169,9980,2
2024-06-28,525,567662,63222928,9980,1
2024-06-28,18433,558846,41450453,9960,2
2024-06-28,18372,560271,40489553,9920,3
2024-06-28,68130,216424,6529670,9900,2
2024-06-28,21833,551736,19501164,9900,1
2024-06-28,37778,100487,16034283,9900,1
2024-06-28,24486,560271,43537207,9891,9
2024-06-28,49339,216424,65071567,9890,1
2024-06-28,35845,401131,47626709,9880,4
2024-06-28,16765,558846,57362238,9870,3
2024-06-28,3005,202502,55307120,9846,3
2024-06-28,6168,567251,48697036,9815,1
2024-06-28,13031,558846,53498656,9800,1
2024-06-28,15538,207288,33482280,9799,1
2024-06-28,36197,555003,34390202,9760,2
2024-06-28,2326,204964,12704332,9752,1
2024-06-28,4541,560271,29776570,9700,1
2024-06-28,6168,567251,8028157,9669,2
2024-06-28,32798,563342,57476802,9660,1
2024-06-28,31119,402279,45482719,9600,3
2024-06-28,193,560271,17674099,9600,3
2024-06-28,24486,560271,41027064,9594,6
2024-06-28,39374,201184,41737487,9580,2
2024-06-28,33579,206440,56165179,9560,2
2024-06-28,36197,555003,34390204,9480,1
2024-06-28,32809,509434,53865282,9424,8
2024-06-28,38864,567538,2115154,9400,1
2024-06-28,1610,407120,36877287,9399,1
2024-06-28,1610,407120,34893547,9299,1
2024-06-28,16765,558846,57362200,9250,3
2024-06-28,68130,214781,11423683,9200,1
2024-06-28,1610,201925,58309160,9199,1
2024-06-28,39594,205582,9755131,9181,1
2024-06-28,32798,567664,56739388,9080,1
2024-06-28,11245,204964,2753762,9056,2
2024-06-28,2326,204964,4405694,9056,1
2024-06-28,22966,206471,1568490,9050,2
2024-06-28,42777,200181,39462264,9020,2
2024-06-28,193,560271,17674098,9000,2
2024-06-28,11245,207966,2155398,9000,1
2024-06-28,4541,560271,29776592,9000,1
2024-06-28,16765,206361,58487211,8990,1
2024-06-28,11361,551228,13973726,8990,1
2024-06-28,11361,551228,8106483,8990,1
2024-06-28,64914,551228,26797875,8990,1
2024-06-28,16765,558846,57362203,8980,2
2024-06-28,55120,100992,58856835,8980,1
2024-06-28,57720,567538,14955438,8980,1
2024-06-28,68130,214781,15567951,8977,1
2024-06-28,35913,511293,4085712,8950,1
2024-06-28,2326,204964,7163777,8946,2
2024-06-28,45954,551732,32938319,8940,2
2024-06-28,33579,206471,56168452,8920,2
2024-06-28,48866,408789,31071092,8880,3
2024-06-28,13261,564895,9990031,8800,1
2024-06-28,66549,205611,41845117,8800,1
2024-06-28,37621,214099,55840666,8800,1
2024-06-28,17332,216424,33846330,8800,1
2024-06-28,36197,555003,34392424,8760,5
2024-06-28,7160,401534,64861162,8720,3
2024-06-28,1610,401534,46701138,8690,1
2024-06-28,22966,206471,2327050,8688,1
2024-06-28,11245,204964,2753758,8640,2
2024-06-28,52165,551180,41631027,8640,1
2024-06-28,34698,551736,40305435,8580,1
2024-06-28,58832,567538,3665652,8580,1
2024-06-28,33579,206471,56166550,8520,1
2024-06-28,287,563339,4788947,8498,1
2024-06-28,37621,304080,61264601,8470,1
2024-06-28,6168,567251,4032879,8445,1
2024-06-28,33579,206471,56168551,8440,2
2024-06-28,193,560271,25151156,8400,3
2024-06-28,193,560271,17674210,8400,3
2024-06-28,193,560271,17674198,8400,3
2024-06-28,2326,204964,4360564,8400,2
2024-06-28,63703,551180,28429268,8400,1
2024-06-28,16036,200181,53612525,8399,1
2024-06-28,24486,560271,43537199,8393,7
2024-06-28,34698,551732,40425734,8360,1
2024-06-28,54587,551180,15341659,8360,1
2024-06-28,36886,110435,41428512,8294,6
2024-06-28,52165,551180,35179316,8280,3
2024-06-28,36197,555003,34390181,8080,2
2024-06-28,6174,551180,4989403,8070,2
2024-06-28,35913,511293,3762992,8055,1
2024-06-28,193,110365,3687276,8000,2
2024-06-28,4541,560271,29776526,8000,1
2024-06-28,4541,560271,29776520,8000,1
2024-06-28,12234,214781,25263658,8000,1
2024-06-28,4541,560271,29776523,8000,1
2024-06-28,193,560271,25151174,8000,1
2024-06-28,193,560271,25151170,8000,1
2024-06-28,287,567665,11407915,7999,1
2024-06-28,11361,551228,9662373,7990,1
2024-06-28,11361,551228,26797682,7990,1
2024-06-28,64914,551228,24271775,7990,1
2024-06-28,64914,551228,13974297,7990,1
2024-06-28,53722,558846,12813101,7980,1
2024-06-28,16765,206363,57010203,7980,1
2024-06-28,53722,558846,12813102,7980,1
2024-06-28,24097,201351,4120905,7960,2
2024-06-28,49339,216424,36878553,7960,2
2024-06-28,53937,563339,3868130,7920,1
2024-06-28,287,567665,9671855,7899,1
2024-06-28,1610,407120,36877288,7899,1
2024-06-28,53722,558846,14197363,7800,1
2024-06-28,16036,402279,55525519,7798,2
2024-06-28,1610,402279,55525519,7798,2
2024-06-28,53386,216173,25672788,7740,5
2024-06-28,26549,216173,3767739,7720,2
2024-06-28,68130,216424,6571966,7720,1
2024-06-28,2326,204964,11299546,7700,1
2024-06-28,11245,204964,2753687,7680,1
2024-06-28,193,560271,17674002,7600,2
2024-06-28,37778,100487,13749011,7590,1
2024-06-28,18372,560271,52893083,7560,4
2024-06-28,6174,551180,6128184,7560,3
2024-06-28,6174,551180,6134284,7520,5
2024-06-28,193,560271,23823705,7500,3
2024-06-28,11361,551228,24272341,7500,1
2024-06-28,287,567665,9671863,7500,1
2024-06-28,4541,206440,39265277,7500,1
2024-06-28,39701,551180,12937332,7450,1
2024-06-28,27711,560271,56195019,7440,3
2024-06-28,36197,555003,34390191,7400,4
2024-06-28,1918,101535,60180117,7399,1
2024-06-28,24587,560271,34767643,7360,1
2024-06-28,1610,205272,45918167,7299,1
2024-06-28,6401,551180,33691025,7260,1
2024-06-28,59372,204586,48997649,7255,1
2024-06-28,9866,560271,38634115,7238,2
2024-06-28,193,110365,17674281,7200,3
2024-06-28,36197,555003,34390203,7180,1
2024-06-28,36197,555003,34390224,7160,2
2024-06-28,6174,408789,12308636,7130,6
2024-06-28,4643,551180,9815953,7128,2
2024-06-28,2326,204964,10505509,7056,1
2024-06-28,12406,558846,37518972,7040,1
2024-06-28,3005,202502,53735222,7037,1
2024-06-28,29878,551736,41833159,7000,6
2024-06-28,31119,402279,45482721,7000,2
2024-06-28,30626,407120,47189867,7000,2
2024-06-28,46959,110409,41918014,7000,1
2024-06-28,36477,101535,3769027,6990,1
2024-06-28,57855,214104,41766823,6980,1
2024-06-28,49339,567538,4201276,6980,1
2024-06-28,10801,402279,18195330,6940,1
2024-06-28,23067,206440,58416344,6900,1
2024-06-28,31867,401131,3867045,6897,3
2024-06-28,40828,509434,8900392,6880,4
2024-06-28,13587,509434,8900392,6880,4
2024-06-28,23067,206440,52397916,6800,3
2024-06-28,43258,551180,29572706,6800,1
2024-06-28,18357,402279,58309142,6799,1
2024-06-28,45883,201184,64221288,6780,1
2024-06-28,33579,206471,56163919,6780,1
2024-06-28,12879,551180,1523898,6724,3
2024-06-28,36197,555003,34390235,6720,4
2024-06-28,287,110632,6390802,6700,1
2024-06-28,13415,100487,37339153,6680,1
2024-06-28,61457,502280,56589093,6620,1
2024-06-28,10801,402279,33072855,6600,2
2024-06-28,62193,216424,30684166,6600,1
2024-06-28,37719,205582,19477142,6600,1
2024-06-28,23735,558873,63792824,6600,1
2024-06-28,37719,205582,19477145,6600,1
2024-06-28,1610,407120,36877286,6599,1
2024-06-28,287,567665,11364387,6599,1
2024-06-28,42954,402279,3771454,6580,2
2024-06-28,16765,558846,57362223,6580,2
2024-06-28,45954,551732,32938578,6560,2
2024-06-28,13587,509434,8658634,6540,3
2024-06-28,40828,509434,8658634,6540,3
2024-06-28,33579,206440,56168144,6540,1
2024-06-28,30779,216173,12247708,6534,2
2024-06-28,38994,207774,56783708,6534,1
2024-06-28,24293,204964,2753575,6500,1
2024-06-28,24293,204964,2753578,6500,1
2024-06-28,24293,204964,2753566,6500,1
2024-06-28,11245,204964,2753575,6500,1
2024-06-28,10749,558846,16631683,6500,1
2024-06-28,24293,204964,2753569,6500,1
2024-06-28,11361,551228,9662370,6490,1
2024-06-28,30779,201351,50772325,6480,1
2024-06-28,11331,214104,4398477,6400,2
2024-06-28,193,560271,17674298,6400,2
2024-06-28,193,560271,17674317,6400,1
2024-06-28,287,567665,11350896,6390,1
2024-06-28,6168,567251,48697029,6389,1
2024-06-28,37778,100487,18240814,6380,1
2024-06-28,37778,100487,12750277,6380,1
2024-06-28,32809,509434,34615068,6360,2
2024-06-28,17307,301577,26891613,6350,1
2024-06-28,9866,560271,38633374,6328,2
2024-06-28,18372,560271,52893024,6320,4
2024-06-28,11331,551736,38863264,6300,1
2024-06-28,11245,204964,2753981,6300,1
2024-06-28,23414,216173,58538975,6260,1
2024-06-28,4541,560271,29776678,6230,1
2024-06-28,19634,214099,4201359,6210,1
2024-06-28,525,563339,39517173,6200,1
2024-06-28,7867,100487,38441158,6182,1
2024-06-28,24080,502835,30739099,6138,1
2024-06-28,34698,304763,18401813,6080,1
2024-06-28,24664,502835,28678492,6030,4
2024-06-28,33579,206440,56168492,6020,1
2024-06-28,8010,206440,4417847,6000,3
2024-06-28,12805,206440,59335730,6000,2
2024-06-28,193,560271,17674021,6000,2
2024-06-28,402,101020,54659184,6000,2
2024-06-28,47745,201184,83431861,6000,1
2024-06-28,21825,201351,25554593,6000,1
2024-06-28,47745,201184,83670936,6000,1
2024-06-28,5187,551180,38236752,6000,1
2024-06-28,23414,216173,32524462,6000,1
2024-06-28,24293,204964,2753744,6000,1
2024-06-28,47745,201184,31921037,6000,1
2024-06-28,1610,551180,40956457,5999,1
2024-06-28,63580,214104,12498688,5999,1
2024-06-28,1610,407120,36877375,5999,1
2024-06-28,16765,558846,57362184,5990,1
2024-06-28,6174,551180,5254446,5970,1
2024-06-28,2326,204964,6895379,5964,1
2024-06-28,67600,551732,45979234,5940,1
2024-06-28,46848,560271,43428985,5920,2
2024-06-28,37375,506539,47949461,5860,2
2024-06-28,11245,204964,2753970,5800,1
2024-06-28,61240,110365,29777349,5800,1
2024-06-28,287,567665,11412179,5799,1
2024-06-28,1610,215913,46580667,5798,1
2024-06-28,287,567665,6059390,5758,1
2024-06-28,3005,202502,45408522,5737,1
2024-06-28,9866,560271,38633366,5728,1
2024-06-28,32798,567664,57803149,5700,1
2024-06-28,24587,509434,34768153,5680,1
2024-06-28,193,110365,17674128,5600,7
2024-06-28,17497,110435,61771008,5600,3
2024-06-28,525,563342,30766721,5580,1
2024-06-28,59905,551732,64895003,5500,1
2024-06-28,57720,509417,14955582,5480,1
2024-06-28,10801,508456,21962067,5450,1
2024-06-28,32809,509434,34615049,5437,1
2024-06-28,9866,560271,38634004,5400,3
2024-06-28,9866,560271,38633392,5400,2
2024-06-28,9866,560271,38633378,5400,2
2024-06-28,525,563339,50470523,5400,1
2024-06-28,24293,204964,2753696,5400,1
2024-06-28,287,567665,12058275,5399,1
2024-06-28,6174,551180,5261682,5380,2
2024-06-28,36197,555003,34390184,5320,1
2024-06-28,37747,201632,61781384,5280,1
2024-06-28,9866,560271,38634044,5274,2
2024-06-28,11245,204964,2753381,5250,1
2024-06-28,24486,560271,43537232,5244,5
2024-06-28,36477,566647,3756965,5240,1
2024-06-28,30547,216173,20842527,5192,4
2024-06-28,18372,560271,47700132,5190,3
2024-06-28,30547,567623,20574144,5190,1
2024-06-28,33579,206440,29061966,5140,1
2024-06-28,23067,206440,57427995,5100,2
2024-06-28,12234,214781,39694982,5100,1
2024-06-28,24486,560271,40976426,5096,4
2024-06-28,24486,560271,40976397,5096,3
2024-06-28,15753,560271,40489596,5040,2
2024-06-28,33579,206471,56167998,5040,1
2024-06-28,24486,560271,40976418,5000,4
2024-06-28,41695,216173,51595416,5000,4
2024-06-28,38293,214099,83313332,5000,1
2024-06-28,193,560271,17674285,5000,1
2024-06-28,36477,101535,3887738,4990,1
2024-06-28,11361,551228,13972381,4990,1
2024-06-28,44078,304080,46761100,4990,1
2024-06-28,53937,563342,3928239,4990,1
2024-06-28,48554,566647,1867734,4980,1
2024-06-28,33579,206471,56167310,4980,1
2024-06-28,525,563342,48765678,4960,2
2024-06-28,36197,555003,34392423,4960,2
2024-06-28,33112,558846,53483429,4950,1
2024-06-28,54587,551180,15341606,4950,1
2024-06-28,54587,558846,10065374,4939,1
2024-06-28,35845,401131,47626710,4920,2
2024-06-28,45883,201184,45484128,4900,1
2024-06-28,12234,214781,28362078,4900,1
2024-06-28,12998,551180,4166634,4900,1
2024-06-28,53722,558846,7133778,4900,1
2024-06-28,193,110365,17671415,4800,2
2024-06-28,11106,558846,54226684,4800,1
2024-06-28,11106,558846,10009084,4800,1
2024-06-28,11106,558846,10076767,4800,1
2024-06-28,21825,201351,25572790,4800,1
2024-06-28,6817,509417,3766730,4800,1
2024-06-28,1610,207288,51269442,4799,1
2024-06-28,1610,201632,64410652,4799,1
2024-06-28,6174,408789,12659726,4780,2
2024-06-28,18753,558873,48583019,4780,1
2024-06-28,6174,551180,6166308,4760,1
2024-06-28,21833,551732,19642095,4752,1
2024-06-28,21833,551732,19641764,4752,1
2024-06-28,4776,206471,8325136,4740,1
2024-06-28,36197,555003,34390220,4660,1
2024-06-28,35873,101535,65253497,4620,1
2024-06-28,33579,206471,56168446,4600,1
2024-06-28,53722,558846,12798215,4600,1
2024-06-28,33579,206471,56167379,4580,1
2024-06-28,16765,558846,57362084,4580,1
2024-06-28,52165,551180,49397031,4565,1
2024-06-28,525,563339,39517171,4560,1
2024-06-28,24486,560271,43537237,4546,4
2024-06-28,28488,216158,17002248,4544,1
2024-06-28,5590,206440,78916918,4528,1
2024-06-28,5590,206440,12544972,4528,1
2024-06-28,9866,560271,38633389,4510,2
2024-06-28,21825,216424,25696417,4500,1
2024-06-28,38864,567538,21156155,4500,1
2024-06-28,24664,502835,28686621,4455,5
2024-06-28,27711,560271,22727166,4440,2
2024-06-28,36197,555003,52303146,4440,1
2024-06-28,33579,206471,56168548,4440,1
2024-06-28,193,560271,17674055,4400,2
2024-06-28,23063,201632,6123989,4400,1
2024-06-28,525,563339,63273281,4400,1
2024-06-28,28488,558846,24027378,4400,1
2024-06-28,58523,502280,32855321,4399,1
2024-06-28,11245,204964,2753554,4364,1
2024-06-28,24664,502835,28670525,4311,3
2024-06-28,36197,555003,34390246,4300,1
2024-06-28,36197,555003,52295837,4300,1
2024-06-28,11106,558846,10077372,4300,1
2024-06-28,287,567665,9640079,4299,1
2024-06-28,287,567665,6220142,4299,1
2024-06-28,11331,502221,14580004,4290,1
2024-06-28,24587,560271,53125697,4280,1
2024-06-28,21267,567538,39578943,4272,2
2024-06-28,66042,100181,16701014,4260,3
2024-06-28,2326,204964,4360561,4200,1
2024-06-28,65667,510003,19411464,4180,1
2024-06-28,10801,402279,33072869,4180,1
2024-06-28,1610,216173,32524450,4180,1
2024-06-28,62979,555421,63000157,4140,3
2024-06-28,33579,206440,56165964,4060,1
2024-06-28,40107,401131,34784737,4000,1
2024-06-28,23067,206440,52397925,4000,1
2024-06-28,28488,558846,24027366,4000,1
2024-06-28,48974,206440,51022754,4000,1
2024-06-28,193,560271,3687303,4000,1
2024-06-28,11245,204964,2753777,4000,1
2024-06-28,193,560271,3687284,4000,1
2024-06-28,11245,204964,2753778,4000,1
2024-06-28,193,560271,3687290,4000,1
2024-06-28,24486,560271,41027068,3997,3
2024-06-28,46848,560271,57546215,3996,1
2024-06-28,16765,206363,57010184,3990,1
2024-06-28,66144,563342,17813183,3990,1
2024-06-28,6174,551180,5244918,3980,2
2024-06-28,6174,551180,5352139,3980,2
2024-06-28,6174,551180,5258311,3980,2
2024-06-28,6174,551180,5358901,3980,2
2024-06-28,6174,551180,6128659,3980,2
2024-06-28,18433,502280,41445508,3980,1
2024-06-28,16765,206363,57010175,3980,1
2024-06-28,46481,567623,59131103,3980,1
2024-06-28,18433,551180,40642681,3980,1
2024-06-28,27967,206440,3971165,3980,1
2024-06-28,23063,201632,6124100,3980,1
2024-06-28,16765,206361,3696177,3960,6
2024-06-28,36666,560271,47519525,3960,1
2024-06-28,52578,201632,55286422,3952,1
2024-06-28,66786,201184,11471141,3950,1
2024-06-28,54587,558846,10065377,3949,1
2024-06-28,525,563339,50497004,3920,1
2024-06-28,18356,402279,55525519,3899,1
2024-06-28,24486,560271,12932656,3897,3
2024-06-28,24486,560271,12932636,3897,2
2024-06-28,9866,560271,38634112,3891,1
2024-06-28,15753,560271,55063130,3885,5
2024-06-28,7160,401131,64859538,3850,1
2024-06-28,60832,205611,60561861,3830,1
2024-06-28,36197,555003,34390190,3800,3
2024-06-28,193,560271,17674129,3800,1
2024-06-28,193,560271,17674320,3800,1
2024-06-28,193,560271,17674329,3800,1
2024-06-28,193,560271,17674345,3800,1
2024-06-28,193,560271,17674351,3800,1
2024-06-28,3005,202502,45408260,3800,1
2024-06-28,28488,551180,25001629,3800,1
2024-06-28,193,560271,17674326,3800,1
2024-06-28,193,560271,17673995,3800,1
2024-06-28,193,560271,17674294,3800,1
2024-06-28,193,560271,17674333,3800,1
2024-06-28,193,560271,17674334,3800,1
2024-06-28,193,560271,17674306,3800,1
2024-06-28,28793,207288,31863120,3800,1
2024-06-28,24486,560271,40976425,3798,4
2024-06-28,5187,214781,47698774,3797,1
2024-06-28,287,567665,10554759,3699,1
2024-06-28,28488,551180,23457437,3635,1
2024-06-28,54108,509434,84034819,3630,1
2024-06-28,9866,560271,38634096,3619,1
2024-06-28,9866,560271,38633428,3619,1
2024-06-28,2326,204964,12704335,3619,1
2024-06-28,9866,560271,57642782,3619,1
2024-06-28,9866,560271,38633420,3619,1
2024-06-28,193,110365,9700178,3600,3
2024-06-28,193,110365,17673958,3600,2
2024-06-28,36273,563339,3799994,3600,1
2024-06-28,50839,205761,8184932,3600,1
2024-06-28,21267,567538,61632721,3600,1
2024-06-28,193,207288,3687301,3600,1
2024-06-28,24486,560271,43530983,3597,3
2024-06-28,6168,567251,48697033,3593,1
2024-06-28,31301,201632,46756222,3564,2
2024-06-28,40828,509434,9052987,3560,2
2024-06-28,13587,509434,9052987,3560,2
2024-06-28,33579,206471,56165574,3540,1
2024-06-28,34698,551736,40305467,3520,1
2024-06-28,68130,507843,7432016,3510,1
2024-06-28,53722,402279,12821824,3500,1
2024-06-28,525,563339,38585847,3490,2
2024-06-28,36197,555003,34390196,3480,1
2024-06-28,32809,509434,34615034,3480,1
2024-06-28,43258,551180,45071895,3480,1
2024-06-28,18753,551180,31938904,3470,1
2024-06-28,9866,560271,38634008,3455,1
2024-06-28,193,560271,14740291,3400,1
2024-06-28,193,560271,24295112,3400,1
2024-06-28,193,560271,14740256,3400,1
2024-06-28,15375,551180,8365889,3370,1
2024-06-28,29825,207288,41331251,3360,2
2024-06-28,18372,560271,40488471,3360,2
2024-06-28,9866,560271,38634105,3346,1
2024-06-28,9866,560271,38634200,3346,1
2024-06-28,10749,551180,1852108,3340,1
2024-06-28,193,110365,14740327,3300,3
2024-06-28,54587,551180,15230204,3300,1
2024-06-28,54587,551180,84044113,3300,1
2024-06-28,45868,200181,32582691,3280,1
2024-06-28,4776,206440,8325196,3280,1
2024-06-28,2326,204964,10415259,3280,1
2024-06-28,24664,402279,28688309,3238,2
2024-06-28,28488,558846,25253942,3220,1
2024-06-28,23063,201632,6123978,3210,1
2024-06-28,2326,204964,12704334,3200,2
2024-06-28,193,110365,17674252,3200,2
2024-06-28,24269,560271,53684633,3200,1
2024-06-28,1610,402279,58309195,3199,1
2024-06-28,24486,560271,12932726,3198,2
2024-06-28,24486,560271,40976414,3198,2
2024-06-28,9866,560271,38634453,3182,1
2024-06-28,27967,206471,3828697,3180,1
2024-06-28,24587,560271,36716534,3168,1
2024-06-28,9866,560271,38633373,3164,1
2024-06-28,36197,555003,34390216,3120,2
2024-06-28,53386,216173,25672513,3096,1
2024-06-28,2326,204964,10505511,3080,1
2024-06-28,193,110365,17673961,3000,3
2024-06-28,27711,560271,41239758,3000,3
2024-06-28,45954,551736,39802059,3000,3
2024-06-28,59905,551736,64894977,3000,2
2024-06-28,59905,551736,64894948,3000,1
2024-06-28,47582,100992,57807467,3000,1
2024-06-28,30547,216173,20842477,2996,2
2024-06-28,69373,216424,49640264,2990,1
2024-06-28,9866,560271,38633841,2982,1
2024-06-28,7668,216424,40824041,2980,1
2024-06-28,36197,555003,34390188,2980,1
2024-06-28,18372,560271,57373012,2980,1
2024-06-28,48866,408789,31093253,2980,1
2024-06-28,24587,509434,70340774,2980,1
2024-06-28,36197,555003,34392475,2980,1
2024-06-28,24587,560271,36716284,2980,1
2024-06-28,35845,401131,47626856,2970,1
2024-06-28,28285,100487,54369473,2960,2
2024-06-28,36197,555003,34390179,2960,2
2024-06-28,46848,560271,43429451,2960,1
2024-06-28,53386,216173,25973650,2948,1
2024-06-28,53386,216173,25973475,2948,1
2024-06-28,69067,565724,20478397,2917,1
2024-06-28,30547,216173,20842490,2900,2
2024-06-28,193,560271,25151186,2900,1
2024-06-28,37185,408789,46998063,2900,1
2024-06-28,24486,560271,4746968,2899,3
2024-06-28,9866,560271,38634095,2891,1
2024-06-28,36666,558846,47479724,2890,1
2024-06-28,24587,560271,48088739,2880,1
2024-06-28,24587,560271,34768071,2880,1
2024-06-28,24587,560271,34767127,2880,1
2024-06-28,33579,206440,56164094,2880,1
2024-06-28,66874,509434,55987978,2880,1
2024-06-28,27967,206440,3971811,2860,1
2024-06-28,32876,201351,4044200,2814,1
2024-06-28,193,110365,17673977,2800,2
2024-06-28,193,560271,25151154,2800,1
2024-06-28,193,560271,17674271,2800,1
2024-06-28,57784,207774,49558536,2800,1
2024-06-28,193,560271,17674185,2800,1
2024-06-28,193,560271,17674142,2800,1
2024-06-28,193,560271,17674141,2800,1
2024-06-28,24486,560271,43537204,2798,3
2024-06-28,43129,560271,33191294,2798,2
2024-06-28,43129,560271,33191296,2798,2
2024-06-28,24486,560271,43552050,2798,2
2024-06-28,46848,560271,76585670,2788,1
2024-06-28,65741,205761,44040778,2780,1
2024-06-28,65741,205761,44040781,2780,1
2024-06-28,36197,555003,34390180,2760,1
2024-06-28,36197,555003,34390192,2760,1
2024-06-28,15753,560271,60274331,2760,1
2024-06-28,37621,551180,40312870,2750,1
2024-06-28,37747,201632,61781382,2750,1
2024-06-28,4643,551180,9714101,2750,1
2024-06-28,46848,560271,48102523,2748,1
2024-06-28,46848,560271,48102468,2748,1
2024-06-28,46848,560271,57545723,2738,1
2024-06-28,34226,508456,44479877,2728,1
2024-06-28,34226,508456,44479872,2728,1
2024-06-28,34226,508456,44478370,2728,1
2024-06-28,24664,502835,28675767,2719,1
2024-06-28,46848,560271,34779520,2718,1
2024-06-28,46848,560271,43428940,2718,1
2024-06-28,46848,560271,43429498,2718,1
2024-06-28,27967,206440,3979128,2710,1
2024-06-28,21267,567538,29561111,2700,2
2024-06-28,2457,216424,40664148,2700,1
2024-06-28,9866,560271,38633349,2700,1
2024-06-28,193,560271,23823745,2700,1
2024-06-28,9866,560271,38633370,2700,1
2024-06-28,24486,560271,43537203,2697,3
2024-06-28,24486,560271,51256236,2697,2
2024-06-28,24664,502835,28679770,2692,2
2024-06-28,6174,551180,5430522,2690,1
2024-06-28,6174,551180,5157605,2690,1
2024-06-28,46848,560271,83591202,2688,1
2024-06-28,46848,560271,57545679,2648,1
2024-06-28,18753,207288,44650841,2630,1
2024-06-28,21825,201351,25659386,2600,1
2024-06-28,12234,214781,6416543,2600,1
2024-06-28,12234,567645,39694677,2600,1
2024-06-28,53722,551180,11520182,2600,1
2024-06-28,29194,558846,47873064,2600,1
2024-06-28,62241,560271,54514208,2598,2
2024-06-28,9866,560271,79287109,2593,1
2024-06-28,46959,207774,41917697,2580,1
2024-06-28,26549,216173,30349172,2560,2
2024-06-28,9866,560271,38634432,2528,1
2024-06-28,525,563342,38585497,2516,1
2024-06-28,13588,551180,54414654,2500,1
2024-06-28,3005,563342,57355093,2500,1
2024-06-28,27967,206471,3978019,2500,1
2024-06-28,13588,551180,50221869,2500,1
2024-06-28,12879,558873,543916,2500,1
2024-06-28,24486,560271,43537222,2498,2
2024-06-28,46848,560271,59857450,2498,1
2024-06-28,39359,205582,52850348,2480,1
2024-06-28,45954,551732,32938464,2480,1
2024-06-28,18372,560271,57373007,2480,1
2024-06-28,46959,101535,41917486,2480,1
2024-06-28,18433,558846,41450813,2480,1
2024-06-28,18372,560271,57373010,2480,1
2024-06-28,18372,560271,57373011,2480,1
2024-06-28,49758,567645,4563664,2476,1
2024-06-28,4741,206440,4210584,2428,1
2024-06-28,193,560271,6112048,2400,1
2024-06-28,29878,551736,7015008,2400,1
2024-06-28,15375,551180,11520181,2400,1
2024-06-28,9159,110365,58257292,2400,1
2024-06-28,24486,560271,12975868,2398,2
2024-06-28,24486,560271,43546225,2398,2
2024-06-28,24486,560271,43549297,2398,2
2024-06-28,6174,551180,5373868,2390,1
2024-06-28,66042,301577,17008471,2380,5
2024-06-28,6174,551180,4924564,2380,2
2024-06-28,11361,551228,28289273,2380,1
2024-06-28,27967,206471,3929726,2380,1
2024-06-28,36197,555003,34390219,2380,1
2024-06-28,2326,204964,10505510,2364,1
2024-06-28,525,563342,49293780,2360,1
2024-06-28,29222,216173,39001162,2340,3
2024-06-28,37185,560271,58495998,2300,1
2024-06-28,9866,560271,38633561,2300,1
2024-06-28,23067,206440,35256488,2300,1
2024-06-28,6174,408789,12661004,2290,1
2024-06-28,24587,560271,36716313,2280,1
2024-06-28,4741,206471,8046505,2255,1
2024-06-28,46848,110365,56306266,2238,1
2024-06-28,35048,401131,51977425,2200,1
2024-06-28,24486,560271,43552300,2198,2
2024-06-28,36886,207774,56268243,2198,2
2024-06-28,65072,402279,31048524,2180,1
2024-06-28,36197,555003,34390229,2180,1
2024-06-28,287,563339,11304731,2175,1
2024-06-28,193,110365,9699942,2160,3
2024-06-28,42595,206471,62675913,2150,1
2024-06-28,30581,551228,28227621,2099,1
2024-06-28,193,560271,78306752,2073,1
2024-06-28,29878,551736,6385280,2000,2
2024-06-28,24486,560271,12929609,2000,2
2024-06-28,27711,560271,63878553,2000,2
2024-06-28,62979,216173,43486571,2000,2
2024-06-28,24486,560271,40976396,2000,2
2024-06-28,65103,560271,15401222,2000,1
2024-06-28,23067,206440,52397930,2000,1
2024-06-28,193,110365,17674246,2000,1
2024-06-28,24486,560271,41027047,2000,1
2024-06-28,12879,551180,1523887,2000,1
2024-06-28,193,560271,6112076,2000,1
2024-06-28,37621,551180,40321103,2000,1
2024-06-28,55087,558846,48821374,1999,1
2024-06-28,24486,560271,12574495,1998,2
2024-06-28,24486,560271,82699379,1996,3
2024-06-28,6174,551180,5281971,1990,1
2024-06-28,6174,551180,5354364,1990,1
2024-06-28,6174,551180,5284027,1990,1
2024-06-28,6174,551180,5246862,1990,1
2024-06-28,6174,551180,5127188,1990,1
2024-06-28,6174,551180,4394668,1990,1
2024-06-28,6174,551180,4696801,1990,1
2024-06-28,6174,551180,4555610,1990,1
2024-06-28,6174,551180,5484504,1990,1
2024-06-28,6174,551180,5329310,1990,1
2024-06-28,6174,551180,5392236,1990,1
2024-06-28,11361,205582,14913950,1990,1
2024-06-28,6174,551180,5503676,1990,1
2024-06-28,53386,510003,25784687,1988,4
2024-06-28,68402,401131,52024565,1980,1
2024-06-28,24486,560271,61850510,1980,1
2024-06-28,21833,205582,19642219,1980,1
2024-06-28,45049,508456,65011272,1980,1
2024-06-28,37747,201632,34525719,1980,1
2024-06-28,45954,551736,39802016,1980,1
2024-06-28,7160,401534,64859278,1980,1
2024-06-28,50294,509434,61225960,1980,1
2024-06-28,24269,207288,9703699,1980,1
2024-06-28,24486,560271,61850509,1980,1
2024-06-28,48623,216173,27998465,1979,1
2024-06-28,30547,567623,20574140,1970,1
2024-06-28,30547,567623,20574149,1950,1
2024-06-28,525,563342,48538801,1900,1
2024-06-28,24486,560271,43537225,1899,2
2024-06-28,6174,551180,5278484,1890,1
2024-06-28,37185,560271,23541899,1890,1
2024-06-28,45954,551736,39802074,1880,1
2024-06-28,27967,206471,3780830,1870,1
2024-06-28,12234,214781,39694531,1850,1
2024-06-28,287,563339,9665263,1823,1
2024-06-28,23067,206440,56074001,1800,1
2024-06-28,29194,206471,63504389,1800,1
2024-06-28,193,110365,17674081,1800,1
2024-06-28,30581,205582,16734240,1799,1
2024-06-28,24486,560271,12974267,1798,2
2024-06-28,24486,560271,43545224,1798,2
2024-06-28,24486,560271,43536315,1798,2
2024-06-28,24486,560271,12975722,1798,2
2024-06-28,24486,560271,43537216,1796,2
2024-06-28,11361,205611,14655577,1790,1
2024-06-28,31301,201632,46756221,1782,1
2024-06-28,48623,560271,33191292,1780,1
2024-06-28,15753,560271,43522501,1780,1
2024-06-28,525,563339,38586569,1780,1
2024-06-28,525,563339,38586537,1780,1
2024-06-28,18372,560271,52892627,1780,1
2024-06-28,28488,551180,25277514,1750,1
2024-06-28,46848,110365,56306290,1748,1
2024-06-28,4741,206440,31493996,1719,1
2024-06-28,52578,201632,50150096,1708,1
2024-06-28,23067,206440,37196750,1700,1
2024-06-28,23067,206440,52397927,1700,1
2024-06-28,23067,206440,52397917,1700,1
2024-06-28,50839,205761,26259001,1700,1
2024-06-28,7160,401534,64861885,1690,1
2024-06-28,13587,216173,15291742,1680,1
2024-06-28,18372,560271,55252916,1680,1
2024-06-28,40828,216173,15291742,1680,1
2024-06-28,69067,565724,20512635,1663,1
2024-06-28,27711,560271,25505028,1650,1
2024-06-28,34698,551736,40305463,1650,1
2024-06-28,193,110365,25058375,1650,1
2024-06-28,52578,201632,55286016,1648,1
2024-06-28,29878,551736,5507108,1640,2
2024-06-28,29878,551732,6014246,1640,1
2024-06-28,525,563342,51881582,1600,1
2024-06-28,24486,560271,40976416,1599,1
2024-06-28,24486,560271,12990144,1599,1
2024-06-28,24486,560271,12932643,1599,1
2024-06-28,24486,560271,12928634,1599,1
2024-06-28,24486,560271,12976393,1599,1
2024-06-28,24486,560271,12988560,1599,1
2024-06-28,24486,560271,12940379,1599,1
2024-06-28,63704,551228,7523277,1598,1
2024-06-28,202,551180,2714550,1591,1
2024-06-28,287,563339,13916855,1589,1
2024-06-28,65103,560271,15401119,1580,1
2024-06-28,18372,560271,72930729,1580,1
2024-06-28,35845,401131,47626741,1580,1
2024-06-28,28285,100487,54374810,1580,1
2024-06-28,4776,551180,8325121,1580,1
2024-06-28,47428,401534,40624068,1580,1
2024-06-28,525,563339,38586474,1580,1
2024-06-28,72065,551180,42652539,1573,1
2024-06-28,63704,551228,7518676,1560,1
2024-06-28,193,560271,25058368,1527,1
2024-06-28,37747,509434,62546400,1500,2
2024-06-28,37185,560271,27303135,1500,1
2024-06-28,36886,110435,59249395,1499,1
2024-06-28,43129,110365,58413765,1498,2
2024-06-28,6174,551180,5380028,1490,1
2024-06-28,525,563342,49293799,1480,1
2024-06-28,23695,216424,50926559,1480,1
2024-06-28,18074,560271,55337561,1480,1
2024-06-28,18372,560271,57129497,1480,1
2024-06-28,525,563339,38586816,1480,1
2024-06-28,4776,401534,8325664,1480,1
2024-06-28,46848,110365,34776374,1460,1
2024-06-28,9866,110365,57641995,1437,1
2024-06-28,53937,563339,3870931,1436,1
2024-06-28,13587,100181,9670219,1420,1
2024-06-28,38994,207802,31914857,1408,1
2024-06-28,52214,205582,48789719,1408,1
2024-06-28,57784,207774,49559065,1400,2
2024-06-28,193,560271,25058377,1400,2
2024-06-28,29194,206363,60626716,1400,1
2024-06-28,24486,560271,38487971,1399,1
2024-06-28,24486,560271,12935660,1399,1
2024-06-28,41398,401534,28364044,1390,1
2024-06-28,525,563342,64467989,1380,1
2024-06-28,65103,560271,15402410,1380,1
2024-06-28,68565,560271,4223354,1380,1
2024-06-28,65103,560271,15402346,1380,1
2024-06-28,15753,560271,33683773,1380,1
2024-06-28,525,563342,39517132,1380,1
2024-06-28,525,563342,57476802,1380,1
2024-06-28,1918,207774,56136858,1371,1
2024-06-28,33610,567645,66126322,1361,1
2024-06-28,33579,100487,56168367,1360,1
2024-06-28,43304,506539,3754282,1350,1
2024-06-28,24664,502835,28677626,1346,1
2024-06-28,72065,207288,34610053,1320,1
2024-06-28,7160,401534,64856967,1320,1
2024-06-28,9866,110365,57642142,1300,1
2024-06-28,525,563339,38586642,1300,1
2024-06-28,24486,560271,12945147,1299,1
2024-06-28,24486,560271,38487972,1299,1
2024-06-28,24486,560271,12989074,1299,1
2024-06-28,24486,560271,12581910,1299,1
2024-06-28,24486,560271,12989971,1299,1
2024-06-28,24486,560271,38487978,1299,1
2024-06-28,24486,560271,41028108,1299,1
2024-06-28,55087,206440,2127264,1299,1
2024-06-28,24486,560271,40976415,1299,1
2024-06-28,24486,560271,41027063,1299,1
2024-06-28,24486,560271,12933495,1299,1
2024-06-28,24486,560271,12960413,1299,1
2024-06-28,24486,560271,12987672,1299,1
2024-06-28,69067,565724,22663028,1295,1
2024-06-28,6174,551180,5365750,1290,1
2024-06-28,6174,408789,12683206,1290,1
2024-06-28,41695,216173,41485961,1280,1
2024-06-28,26549,216173,30349217,1280,1
2024-06-28,26549,216173,3753664,1280,1
2024-06-28,15753,560271,43544657,1280,1
2024-06-28,26549,207288,3749319,1280,1
2024-06-28,58875,560271,84234691,1250,1
2024-06-28,50839,205761,6960878,1200,1
2024-06-28,50839,205761,6960853,1200,1
2024-06-28,36886,207774,43319968,1199,1
2024-06-28,24486,560271,41027044,1199,1
2024-06-28,24486,560271,41028115,1199,1
2024-06-28,24486,560271,35102042,1199,1
2024-06-28,24486,560271,13939440,1199,1
2024-06-28,24486,560271,43537220,1198,2
2024-06-28,68565,560271,4189114,1180,1
2024-06-28,525,563339,67306518,1180,1
2024-06-28,24664,502835,28670617,1164,1
2024-06-28,24664,502835,28679745,1164,1
2024-06-28,24486,560271,43537233,1149,1
2024-06-28,287,563339,16184336,1115,1
2024-06-28,59905,551732,64894975,1100,1
2024-06-28,24486,560271,12974851,1099,1
2024-06-28,24486,560271,12990457,1099,1
2024-06-28,24486,560271,12556748,1099,1
2024-06-28,24486,560271,52247701,1099,1
2024-06-28,24486,560271,12990758,1099,1
2024-06-28,24486,560271,33685731,1099,1
2024-06-28,9866,110365,38634605,1091,1
2024-06-28,37621,207288,40292192,1089,1
2024-06-28,63703,560271,23484318,1087,1
2024-06-28,525,563339,49293804,1080,1
2024-06-28,24486,560271,43537221,1049,1
2024-06-28,33610,567645,58675371,1020,1
2024-06-28,36666,560271,47414381,1000,1
2024-06-28,24486,560271,12939757,1000,1
2024-06-28,65103,560271,15401632,1000,1
2024-06-28,24486,560271,12973053,1000,1
2024-06-28,45049,508456,65011273,1000,1
2024-06-28,14513,110409,51736511,1000,1
2024-06-28,27711,560271,46529435,1000,1
2024-06-28,40828,216173,19457399,1000,1
2024-06-28,48461,207288,56142552,1000,1
2024-06-28,24486,560271,12976818,1000,1
2024-06-28,27711,560271,66938965,1000,1
2024-06-28,24486,560271,12984824,1000,1
2024-06-28,27711,560271,48704785,1000,1
2024-06-28,27711,560271,52151761,1000,1
2024-06-28,27711,560271,82837128,1000,1
2024-06-28,24486,560271,43537249,1000,1
2024-06-28,16027,551732,4333708,1000,1
2024-06-28,27711,560271,53623583,1000,1
2024-06-28,27711,560271,55282434,1000,1
2024-06-28,27711,560271,43514135,1000,1
2024-06-28,27711,560271,82836255,1000,1
2024-06-28,46950,100992,63223946,1000,1
2024-06-28,27711,560271,58271646,1000,1
2024-06-28,24486,560271,43537229,1000,1
2024-06-28,27711,560271,82837882,1000,1
2024-06-28,24486,560271,43537239,1000,1
2024-06-28,12998,207288,63423071,1000,1
2024-06-28,50839,205761,6960887,1000,1
2024-06-28,13587,216173,19457399,1000,1
2024-06-28,36886,566647,50572834,999,1
2024-06-28,287,563339,11284537,999,1
2024-06-28,24486,560271,43556462,999,1
2024-06-28,24486,560271,43556461,999,1
2024-06-28,24486,560271,12977931,999,1
2024-06-28,24486,560271,43537241,999,1
2024-06-28,24486,560271,43537213,998,2
2024-06-28,11361,551228,9662429,990,1
2024-06-28,193,110365,17671331,980,1
2024-06-28,193,110365,10112000,980,1
2024-06-28,46848,560271,65321447,978,1
2024-06-28,9866,207288,57642802,937,1
2024-06-28,193,110365,13722215,934,1
2024-06-28,47582,100992,57807469,926,1
2024-06-28,46848,560271,43511256,920,1
2024-06-28,68148,401131,23735764,900,2
2024-06-28,4741,206440,4206213,900,1
2024-06-28,16027,551732,4594271,900,1
2024-06-28,24486,560271,41027055,899,1
2024-06-28,24486,560271,43537201,899,1
2024-06-28,24486,560271,41027067,899,1
2024-06-28,24486,560271,43537214,898,1
2024-06-28,24486,560271,43545809,898,1
2024-06-28,193,110365,17674852,890,1
2024-06-28,24867,551736,19272083,880,1
2024-06-28,16765,206361,10141110,880,1
2024-06-28,16765,206361,12619580,880,1
2024-06-28,37747,201632,60628360,880,1
2024-06-28,24867,551736,19272084,880,1
2024-06-28,24867,551736,19272082,880,1
2024-06-28,24867,551736,19272085,880,1
2024-06-28,287,511293,10337350,878,1
2024-06-28,68636,216173,39331381,848,1
2024-06-28,29878,551736,6448332,830,1
2024-06-28,4741,206440,4547456,800,1
2024-06-28,13587,560271,19457404,800,1
2024-06-28,30298,216173,42010336,800,1
2024-06-28,9866,110365,57642177,800,1
2024-06-28,40828,560271,19457404,800,1
2024-06-28,24486,560271,38487982,798,2
2024-06-28,50861,560271,59297338,780,1
2024-06-28,50861,560271,59298498,780,1
2024-06-28,21657,207288,46440521,778,1
2024-06-28,15753,560271,32739139,777,1
2024-06-28,15753,560271,32738035,777,1
2024-06-28,36197,555003,34392455,670,1
2024-06-28,24486,560271,12938666,599,1
2024-06-28,24486,560271,12554359,599,1
2024-06-28,24486,560271,50805248,599,1
2024-06-28,24486,560271,55060680,599,1
2024-06-28,24486,560271,38487997,599,1
2024-06-28,24486,560271,43537231,598,1
2024-06-28,68636,502835,28564105,580,1
2024-06-28,65103,110365,15402891,500,1
2024-06-28,16027,551736,4594204,500,1
2024-06-28,16027,551736,4373458,500,1
2024-06-28,27037,402279,4064900,490,1
2024-06-28,8010,207288,4229271,450,1
2024-06-28,72065,207288,84793138,440,1
2024-06-28,68636,100487,50921944,415,1
2024-06-28,16027,551736,4594203,300,1
2024-06-28,68636,110365,57910470,199,1
2024-06-28,31119,402279,45482924,100,1
2024-06-28,9866,560271,63421834,100,1
2024-06-28,36886,566647,61703703,1,1
2024-06-28,16765,206361,47482218,0,1
