date,shop,genre,sales,units,orders,page_views,visitors,carts,reviews_posted,avg_rating,review_count
2023-08-23,193,110365,80539,65,65,1828,1730,24139,3,4.46,15975
2023-08-23,193,207288,6000,2,2,80,77,3000,0,4.29,458
2023-08-23,193,502835,0,0,0,8,8,0,0,4.0,3
2023-08-23,193,509434,0,0,0,25,24,0,0,4.39,44
2023-08-23,193,560271,1300467,409,409,16742,15474,166495,14,4.6,55355
2023-08-23,202,206363,0,0,0,1,1,0,0,4.33,3
2023-08-23,202,551180,1749,1,1,48,46,1749,0,4.47,108
2023-08-23,202,558846,0,0,0,59,54,0,0,4.61,119
2023-08-23,202,558873,0,0,0,6,5,0,0,4.37,24
2023-08-23,402,100992,0,0,0,1,1,0,0,4.75,4
2023-08-23,402,101020,7361,4,4,126,117,5324,1,4.18,4307
2023-08-23,402,216424,0,0,0,4,2,0,0,5.0,1
2023-08-23,402,402279,0,0,0,1,1,0,0,,0
2023-08-23,402,509417,0,0,0,1,1,0,0,,0
2023-08-23,402,510003,0,0,0,12,12,0,0,4.0,15
2023-08-23,402,565724,0,0,0,3,3,0,0,,0
2023-08-23,402,567251,0,0,0,1,1,0,0,,0
2023-08-23,402,567645,0,0,0,3,3,0,0,3.0,3
2023-08-23,525,506536,0,0,0,4,4,0,0,4.29,34
2023-08-23,525,563339,20100,4,4,274,251,14850,0,4.23,169
2023-08-23,525,563342,52020,6,6,225,215,52020,0,4.41,2234
2023-08-23,525,567662,152405,18,18,231,219,87475,2,4.45,1009
2023-08-23,525,567664,118851,16,16,297,276,57343,2,4.64,4092
2023-08-23,680,201632,0,0,0,13,13,0,0,5.0,3
2023-08-23,680,205272,0,0,0,455,418,0,0,4.7,1309
2023-08-23,680,551732,0,0,0,2,2,0,0,,0
2023-08-23,1519,216424,0,0,0,1,1,0,0,4.14,7
2023-08-23,1610,200181,35995,5,5,45,41,12298,1,4.47,164
2023-08-23,1610,201632,4950,1,1,11,10,4950,0,4.45,11
2023-08-23,1610,201925,260888,12,12,937,865,118294,0,4.68,514
2023-08-23,1610,205272,106595,5,5,180,164,54797,0,4.7,660
2023-08-23,1610,205611,19899,1,1,58,49,19899,0,4.78,693
2023-08-23,1610,207288,9598,2,2,51,45,9598,0,4.55,80
2023-08-23,1610,215913,122494,6,6,513,484,101795,0,4.71,12499
2023-08-23,1610,216158,0,0,0,22,22,0,0,4.55,297
2023-08-23,1610,216173,17876,4,4,80,74,4469,1,4.64,760
2023-08-23,1610,301577,171293,7,7,1216,1118,91697,0,4.67,2800
2023-08-23,1610,304080,0,0,0,72,69,0,0,4.86,28
2023-08-23,1610,401534,8798,2,2,111,109,4399,1,4.59,394
2023-08-23,1610,402279,7398,2,2,317,300,7398,0,4.57,882
2023-08-23,1610,407120,146868,17,17,454,399,53684,0,4.62,1004
2023-08-23,1610,502221,0,0,0,138,122,0,0,4.56,162
2023-08-23,1610,502280,15699,1,1,248,236,15699,0,4.63,244
2023-08-23,1610,551180,14299,1,1,132,122,14299,0,4.48,399
2023-08-23,1610,551732,0,0,0,7,7,0,0,4.67,3
2023-08-23,1610,551736,1999,1,1,17,17,1999,0,4.83,18
2023-08-23,1610,558846,138830,28,28,526,468,34469,1,4.65,849
2023-08-23,1610,558873,0,0,0,37,37,0,0,4.83,42
2023-08-23,1918,101535,23541,5,5,183,176,19855,1,4.7,2192
2023-08-23,1918,207774,0,0,0,28,28,0,0,4.66,409
2023-08-23,2171,101535,0,0,0,2,2,0,0,4.56,27
2023-08-23,2326,201925,0,0,0,9,8,0,0,4.5,2
2023-08-23,2326,204934,16819,1,1,213,200,16819,0,4.54,13
2023-08-23,2326,204964,198308,37,37,690,668,82653,1,4.42,267
2023-08-23,2326,207966,0,0,0,282,261,0,0,4.15,13
2023-08-23,2326,506012,23600,1,1,33,25,23600,0,4.43,7
2023-08-23,2457,216424,0,0,0,3,3,0,0,4.6,15
2023-08-23,2457,551180,0,0,0,14,14,0,0,4.84,25
2023-08-23,2625,216173,0,0,0,1,1,0,0,,0
2023-08-23,2625,408789,0,0,0,2,2,0,0,,0
2023-08-23,2625,551180,0,0,0,1,1,0,0,,0
2023-08-23,3032,205761,0,0,0,3,3,0,0,4.71,52
2023-08-23,3290,551228,19785,1,1,71,66,19785,0,4.52,94
2023-08-23,3915,506536,0,0,0,5,5,0,0,5.0,2
2023-08-23,3915,566061,810,1,1,2,2,810,0,5.0,3
2023-08-23,3915,567645,0,0,0,13,12,0,0,4.41,638
2023-08-23,4541,100487,0,0,0,12,11,0,0,4.5,2
2023-08-23,4541,110365,6200,1,1,75,71,6200,0,4.23,17
2023-08-23,4541,206440,0,0,0,135,120,0,0,5.0,5
2023-08-23,4541,206471,0,0,0,88,85,0,0,,0
2023-08-23,4541,216158,0,0,0,6,6,0,0,1.0,1
2023-08-23,4541,216173,0,0,0,2,2,0,0,4.31,13
2023-08-23,4541,401534,0,0,0,17,15,0,0,4.75,12
2023-08-23,4541,408789,0,0,0,1,1,0,0,,0
2023-08-23,4541,560271,192200,23,23,973,890,96200,0,4.18,510
2023-08-23,4643,207288,0,0,0,18,17,0,0,4.77,57
2023-08-23,4643,216173,3960,1,1,3,2,3960,0,5.0,1
2023-08-23,4643,408789,0,0,0,8,8,0,0,5.0,3
2023-08-23,4643,502221,0,0,0,29,19,0,0,4.75,8
2023-08-23,4643,502280,0,0,0,5,5,0,0,4.67,3
2023-08-23,4643,551180,22660,4,4,195,192,17160,0,4.79,178
2023-08-23,4643,558846,0,0,0,40,36,0,0,4.83,23
2023-08-23,4643,558873,0,0,0,279,255,0,0,4.84,104
2023-08-23,4905,216158,0,0,0,4,4,0,0,,0
2023-08-23,5567,205761,0,0,0,1,1,0,0,4.5,18
2023-08-23,5567,510003,0,0,0,1,1,0,0,4.8,5
2023-08-23,6158,201925,0,0,0,17,16,0,0,4.67,3
2023-08-23,6158,207288,0,0,0,1,1,0,0,,0
2023-08-23,6158,216173,0,0,0,1,1,0,0,1.67,3
2023-08-23,6158,301577,0,0,0,2,2,0,0,,0
2023-08-23,6158,408789,0,0,0,1,1,0,0,4.0,1
2023-08-23,6158,502221,0,0,0,1,1,0,0,,0
2023-08-23,6158,551228,0,0,0,1,1,0,0,,0
2023-08-23,6158,560271,0,0,0,6,6,0,0,,0
2023-08-23,6174,207288,0,0,0,3,3,0,0,4.89,19
2023-08-23,6174,401131,0,0,0,48,47,0,0,4.82,71
2023-08-23,6174,401534,0,0,0,11,11,0,0,5.0,1
2023-08-23,6174,408789,10040,7,7,358,343,5006,0,4.58,425
2023-08-23,6174,551180,91820,29,29,2082,1982,55595,7,4.69,3583
2023-08-23,6174,558846,20930,6,6,402,361,3488,1,4.56,397
2023-08-23,6174,558873,2990,1,1,118,107,2990,0,4.2,600
2023-08-23,6817,507843,0,0,0,12,11,0,0,4.5,86
2023-08-23,6817,509417,4800,1,1,22,21,4800,0,4.57,143
2023-08-23,6817,510003,0,0,0,3,3,0,0,4.63,30
2023-08-23,6817,567538,4182,1,1,3,3,4182,0,,0
2023-08-23,7160,206440,0,0,0,9,9,0,0,2.0,1
2023-08-23,7160,206471,0,0,0,9,9,0,0,5.0,2
2023-08-23,7160,401131,0,0,0,34,34,0,0,5.0,1
2023-08-23,7160,401534,5670,3,3,129,127,5670,0,4.57,30
2023-08-23,7160,551180,0,0,0,40,40,0,0,4.8,5
2023-08-23,7160,551736,0,0,0,5,5,0,0,,0
2023-08-23,7160,558846,0,0,0,29,28,0,0,4.27,11
2023-08-23,7160,558873,0,0,0,3,3,0,0,3.67,3
2023-08-23,7867,100487,0,0,0,181,166,0,0,4.58,149
2023-08-23,7867,110365,0,0,0,2,2,0,0,4.75,4
2023-08-23,7867,207288,0,0,0,10,10,0,0,,0
2023-08-23,7867,502221,0,0,0,1,1,0,0,,0
2023-08-23,7867,551736,0,0,0,1,1,0,0,,0
2023-08-23,7867,558873,0,0,0,3,3,0,0,,0
2023-08-23,9159,110365,2900,1,1,31,28,2900,0,4.72,1014
2023-08-23,9159,551732,0,0,0,2,2,0,0,4.73,11
2023-08-23,9159,551736,0,0,0,18,18,0,0,4.86,147
2023-08-23,10130,205611,0,0,0,4,4,0,0,4.42,12
2023-08-23,10130,206440,0,0,0,94,89,0,0,4.01,1451
2023-08-23,10130,206471,0,0,0,61,60,0,0,4.21,88
2023-08-23,10130,216158,0,0,0,1,1,0,0,4.0,13
2023-08-23,10130,216173,0,0,0,4,4,0,0,3.87,23
2023-08-23,10130,408789,0,0,0,4,4,0,0,5.0,1
2023-08-23,10130,502835,0,0,0,4,4,0,0,5.0,1
2023-08-23,10130,551180,0,0,0,2,2,0,0,,0
2023-08-23,10130,558873,0,0,0,2,2,0,0,3.83,6
2023-08-23,10403,100181,0,0,0,1,1,0,0,,0
2023-08-23,10403,205582,0,0,0,5,5,0,0,4.0,1
2023-08-23,10403,205611,0,0,0,1,1,0,0,4.0,1
2023-08-23,10403,551228,0,0,0,4,4,0,0,,0
2023-08-23,10801,201925,8984,1,1,168,151,8984,0,4.43,7
2023-08-23,10801,402279,38060,6,6,261,241,33330,0,4.63,257
2023-08-23,10801,508456,0,0,0,44,41,0,0,4.33,42
2023-08-23,10801,551732,0,0,0,6,6,0,0,,0
2023-08-23,10801,564895,0,0,0,2,2,0,0,,0
2023-08-23,10801,567554,0,0,0,2,2,0,0,,0
2023-08-23,11456,201632,0,0,0,6,6,0,0,,0
2023-08-23,11577,101535,0,0,0,1,1,0,0,,0
2023-08-23,11577,201351,0,0,0,5,5,0,0,,0
2023-08-23,12234,101020,0,0,0,15,13,0,0,4.38,76
2023-08-23,12234,205761,0,0,0,1,1,0,0,,0
2023-08-23,12234,214781,4100,1,1,77,69,4100,0,4.49,752
2023-08-23,12234,567645,3300,1,1,30,27,3300,0,4.66,62
2023-08-23,12805,200181,0,0,0,9,8,0,0,4.5,8
2023-08-23,12805,206440,6950,3,3,112,110,6950,0,4.2,73
2023-08-23,12998,207288,0,0,0,4,4,0,0,5.0,1
2023-08-23,12998,304080,0,0,0,10,10,0,0,,0
2023-08-23,12998,508599,0,0,0,3,3,0,0,,0
2023-08-23,12998,551180,4900,1,1,141,138,4900,0,4.73,302
2023-08-23,12998,558846,22800,1,1,27,24,22800,0,,0
2023-08-23,12998,558873,0,0,0,121,113,0,0,5.0,1
2023-08-23,12998,567538,0,0,0,12,11,0,0,4.0,1
2023-08-23,13031,100487,0,0,0,17,15,0,0,,0
2023-08-23,13031,206440,0,0,0,1,1,0,0,,0
2023-08-23,13031,206471,35490,1,1,11,9,35490,0,,0
2023-08-23,13031,207288,0,0,0,5,5,0,0,5.0,1
2023-08-23,13031,216158,0,0,0,4,3,0,0,,0
2023-08-23,13031,304080,0,0,0,38,36,0,0,4.67,6
2023-08-23,13031,408789,0,0,0,169,160,0,1,4.65,23
2023-08-23,13031,502221,0,0,0,12,11,0,0,5.0,1
2023-08-23,13031,502280,0,0,0,241,225,0,0,4.73,22
2023-08-23,13031,551180,0,0,0,101,96,0,0,5.0,9
2023-08-23,13031,558846,58800,6,6,252,234,9800,0,4.5,6
2023-08-23,13031,558873,0,0,0,281,271,0,0,4.58,50
2023-08-23,13031,560271,0,0,0,1,1,0,0,,0
2023-08-23,13261,100487,0,0,0,31,30,0,0,5.0,4
2023-08-23,13261,206440,0,0,0,2,2,0,0,,0
2023-08-23,13261,207288,0,0,0,8,8,0,0,,0
2023-08-23,13261,216158,0,0,0,9,9,0,0,5.0,1
2023-08-23,13261,408789,0,0,0,35,33,0,0,,0
2023-08-23,13261,551180,0,0,0,61,59,0,0,5.0,1
2023-08-23,13261,558846,0,0,0,4,4,0,0,,0
2023-08-23,13261,558873,0,0,0,19,17,0,0,,0
2023-08-23,13261,560271,0,0,0,14,13,0,0,,0
2023-08-23,13415,100487,2420,1,0,0,0,0,0,,0
2023-08-23,13911,100487,0,0,0,25,25,0,0,4.66,82
2023-08-23,14513,101535,0,0,0,4,4,0,0,4.17,297
2023-08-23,14513,110409,0,0,0,70,67,0,0,4.31,2603
2023-08-23,14513,207774,0,0,0,7,7,0,0,4.28,123
2023-08-23,14721,110435,0,0,0,1,1,0,0,,0
2023-08-23,14721,214104,1800,1,1,10,10,1800,0,4.52,1225
2023-08-23,15071,100487,0,0,0,5,5,0,0,5.0,1
2023-08-23,15375,201632,0,0,0,3,3,0,0,,0
2023-08-23,15375,201925,0,0,0,98,96,0,0,5.0,1
2023-08-23,15375,301577,0,0,0,7,7,0,0,,0
2023-08-23,15375,304080,0,0,0,11,11,0,0,5.0,1
2023-08-23,15375,408789,0,0,0,20,20,0,0,4.08,26
2023-08-23,15375,502280,0,0,0,9,9,0,0,,0
2023-08-23,15375,551180,2880,2,2,125,117,1440,0,4.54,87
2023-08-23,15375,551732,0,0,0,1,1,0,0,,0
2023-08-23,15375,558846,9800,1,1,140,131,9800,0,4.05,20
2023-08-23,15375,558873,0,0,0,85,85,0,0,4.9,10
2023-08-23,15538,100487,0,0,0,8,8,0,0,4.54,112
2023-08-23,15538,207288,7960,1,1,107,105,7960,0,4.44,9
2023-08-23,15538,408789,0,0,0,2,2,0,0,,0
2023-08-23,15538,502221,0,0,0,9,9,0,0,,0
2023-08-23,15538,502280,0,0,0,16,16,0,0,5.0,1
2023-08-23,15538,560271,0,0,0,4,4,0,0,,0
2023-08-23,15538,564895,0,0,0,4,4,0,0,2.44,9
2023-08-23,16036,201925,0,0,0,30,30,0,0,4.75,4
2023-08-23,16036,205272,24498,2,2,20,17,24498,0,4.9,47
2023-08-23,16036,205611,0,0,0,3,2,0,0,,0
2023-08-23,16036,207288,0,0,0,6,5,0,0,5.0,1
2023-08-23,16036,214099,0,0,0,1,1,0,0,,0
2023-08-23,16036,215913,0,0,0,25,24,0,0,4.68,224
2023-08-23,16036,216173,0,0,0,6,6,0,0,4.55,20
2023-08-23,16036,301577,0,0,0,65,62,0,0,4.71,31
2023-08-23,16036,304080,0,0,0,1,1,0,0,,0
2023-08-23,16036,401534,0,0,0,7,6,0,0,4.24,17
2023-08-23,16036,402279,0,0,0,21,19,0,0,4.5,8
2023-08-23,16036,407120,0,0,0,18,18,0,0,4.73,11
2023-08-23,16036,408789,0,0,0,2,2,0,0,5.0,1
2023-08-23,16036,502221,0,0,0,19,18,0,0,4.33,6
2023-08-23,16036,502280,0,0,0,49,48,0,0,5.0,5
2023-08-23,16036,551180,0,0,0,7,7,0,0,5.0,1
2023-08-23,16036,551732,0,0,0,1,1,0,0,,0
2023-08-23,16036,551736,0,0,0,1,1,0,0,,0
2023-08-23,16036,558846,8398,1,1,68,62,8398,0,4.5,16
2023-08-23,16036,558873,0,0,0,4,3,0,0,,0
2023-08-23,16713,207288,0,0,0,1,1,0,0,,0
2023-08-23,16799,206440,0,0,0,15,14,0,0,,0
2023-08-23,16799,206471,0,0,0,5,5,0,0,,0
2023-08-23,16799,551180,0,0,0,1,1,0,0,,0
2023-08-23,16891,204586,0,0,0,5,2,0,0,,0
2023-08-23,16891,402279,0,0,0,1,1,0,0,,0
2023-08-23,16891,502835,0,0,0,2,2,0,0,,0
2023-08-23,16891,564286,0,0,0,10,3,0,0,,0
2023-08-23,16891,564895,0,0,0,4,4,0,0,3.87,38
2023-08-23,16914,205582,0,0,0,1,1,0,0,,0
2023-08-23,16914,207288,0,0,0,1,1,0,0,,0
2023-08-23,16914,301577,0,0,0,3,2,0,0,3.75,4
2023-08-23,16914,502221,0,0,0,4,4,0,0,4.5,6
2023-08-23,16914,502280,0,0,0,1,1,0,0,,0
2023-08-23,17279,205611,0,0,0,6,6,0,0,4.55,22
2023-08-23,17279,206471,0,0,0,3,3,0,0,4.75,4
2023-08-23,17279,207288,0,0,0,2,2,0,0,3.5,2
2023-08-23,17279,551732,0,0,0,2,2,0,0,5.0,2
2023-08-23,17279,551736,0,0,0,6,4,0,0,4.77,22
2023-08-23,17279,567538,0,0,0,8,7,0,0,4.5,12
2023-08-23,17307,100487,0,0,0,1,1,0,0,,0
2023-08-23,17307,201925,0,0,0,24,24,0,0,4.0,5
2023-08-23,17307,207288,0,0,0,3,3,0,0,4.33,6
2023-08-23,17307,216173,0,0,0,1,1,0,0,4.0,4
2023-08-23,17307,301577,0,0,0,42,38,0,0,4.63,46
2023-08-23,17307,408789,0,0,0,10,10,0,0,4.0,2
2023-08-23,17307,551228,0,0,0,5,5,0,0,,0
2023-08-23,17307,560271,0,0,0,5,5,0,0,4.0,2
2023-08-23,17497,110435,1400,1,1,8,8,1400,0,4.29,41
2023-08-23,17497,207802,42900,5,5,59,56,33900,0,4.76,331
2023-08-23,17497,214099,10500,1,1,51,51,10500,0,4.47,559
2023-08-23,17973,567538,0,0,0,7,7,0,0,4.86,7
2023-08-23,18094,216424,0,0,0,1,1,0,0,,0
2023-08-23,18094,563339,0,0,0,2,2,0,0,5.0,1
2023-08-23,18356,200181,0,0,0,19,19,0,0,4.64,28
2023-08-23,18356,201925,0,0,0,23,23,0,0,4.73,15
2023-08-23,18356,205272,0,0,0,12,12,0,0,4.68,22
2023-08-23,18356,205611,0,0,0,3,3,0,0,4.89,18
2023-08-23,18356,207288,4399,1,1,6,4,4399,0,4.88,8
2023-08-23,18356,214099,0,0,0,1,1,0,0,4.0,1
2023-08-23,18356,215913,0,0,0,40,39,0,0,4.66,180
2023-08-23,18356,216173,0,0,0,35,32,0,0,4.57,166
2023-08-23,18356,301577,0,0,0,99,92,0,0,4.68,22
2023-08-23,18356,304080,0,0,0,9,8,0,0,,0
2023-08-23,18356,401534,7590,1,1,13,12,7590,0,4.56,9
2023-08-23,18356,402279,10497,3,3,32,32,6198,0,4.27,73
2023-08-23,18356,407120,4499,1,1,18,18,4499,0,4.61,36
2023-08-23,18356,502221,0,0,0,24,23,0,0,4.5,8
2023-08-23,18356,502280,0,0,0,60,57,0,0,4.28,18
2023-08-23,18356,551180,0,0,0,11,11,0,0,4.28,29
2023-08-23,18356,551736,0,0,0,2,2,0,0,4.0,1
2023-08-23,18356,558846,8398,2,2,81,73,4199,0,4.5,72
2023-08-23,18356,558873,0,0,0,6,6,0,0,4.5,4
2023-08-23,18356,560271,3840,1,1,1,1,3840,0,5.0,1
2023-08-23,18357,200181,0,0,0,10,9,0,0,4.45,18
2023-08-23,18357,201925,14399,1,1,92,88,14399,0,4.6,48
2023-08-23,18357,205272,0,0,0,34,31,0,0,4.85,32
2023-08-23,18357,205611,0,0,0,1,1,0,0,4.92,13
2023-08-23,18357,207288,0,0,0,7,5,0,0,5.0,7
2023-08-23,18357,214099,0,0,0,2,2,0,0,,0
2023-08-23,18357,215913,22299,1,1,91,85,22299,0,4.71,298
2023-08-23,18357,216173,0,0,0,3,3,0,0,4.62,13
2023-08-23,18357,301577,0,0,0,56,55,0,0,4.8,5
2023-08-23,18357,304080,0,0,0,23,21,0,0,5.0,1
2023-08-23,18357,401534,0,0,0,9,9,0,0,5.0,7
2023-08-23,18357,402279,0,0,0,30,30,0,0,4.31,26
2023-08-23,18357,407120,0,0,0,18,19,0,0,4.83,24
2023-08-23,18357,502221,21299,1,1,41,41,21299,0,4.83,18
2023-08-23,18357,502280,77598,1,1,89,84,77598,0,4.71,21
2023-08-23,18357,551180,0,0,0,11,11,0,0,4.75,4
2023-08-23,18357,558846,0,0,0,37,36,0,0,4.61,13
2023-08-23,18357,558873,0,0,0,15,14,0,0,4.5,2
2023-08-23,18357,560271,0,0,0,1,1,0,0,,0
2023-08-23,18372,110365,880,1,1,14,14,880,0,4.0,17
2023-08-23,18372,560271,41050,23,23,766,720,23250,0,4.31,4762
2023-08-23,18395,502835,30500,1,1,52,51,30500,0,4.82,22
2023-08-23,18395,560271,0,0,0,26,26,0,0,4.34,6
2023-08-23,18433,206361,33580,3,3,260,250,20780,0,4.37,81
2023-08-23,18433,206471,0,0,0,100,93,0,0,4.67,9
2023-08-23,18433,502221,0,0,0,5,5,0,0,,0
2023-08-23,18433,502280,0,0,0,3,3,0,0,4.0,1
2023-08-23,18433,551180,5960,1,1,54,52,5960,0,4.67,3
2023-08-23,18433,558846,4980,1,1,110,107,4980,0,4.19,37
2023-08-23,18433,558873,0,0,0,153,147,0,0,4.54,56
2023-08-23,18650,205611,0,0,0,8,8,0,0,4.35,20
2023-08-23,18650,206440,0,0,0,31,29,0,0,4.32,44
2023-08-23,18650,206471,0,0,0,46,46,0,0,4.06,71
2023-08-23,18650,208532,0,0,0,2,2,0,0,4.0,2
2023-08-23,18650,216173,800,1,1,10,10,800,0,3.88,24
2023-08-23,18650,502835,0,0,0,13,13,0,0,4.0,9
2023-08-23,18650,551228,0,0,0,1,1,0,0,,0
2023-08-23,18650,558873,0,0,0,1,1,0,0,,0
2023-08-23,18788,205611,0,0,0,41,41,0,0,4.3,17
2023-08-23,18788,205761,0,0,0,2,2,0,0,5.0,1
2023-08-23,18788,206440,0,0,0,24,21,0,0,,0
2023-08-23,18788,206471,0,0,0,180,164,0,0,4.5,2
2023-08-23,18788,207288,0,0,0,1,1,0,0,5.0,1
2023-08-23,18788,401534,0,0,0,15,15,0,0,4.45,67
2023-08-23,18788,402279,0,0,0,1,1,0,0,,0
2023-08-23,18788,408789,0,0,0,14,14,0,0,5.0,1
2023-08-23,18788,551228,0,0,0,4,4,0,0,4.75,4
2023-08-23,18788,551732,0,0,0,1,1,0,0,,0
2023-08-23,18788,560271,0,0,0,6,6,0,0,3.43,7
2023-08-23,19634,101535,0,0,0,39,38,0,1,3.98,42
2023-08-23,19634,110409,0,0,0,15,14,0,0,5.0,3
2023-08-23,19634,207774,0,0,0,27,24,0,0,4.55,40
2023-08-23,19634,214099,0,0,0,19,19,0,0,4.5,2
2023-08-23,19688,567645,0,0,0,1,1,0,0,,0
2023-08-23,20017,201925,0,0,0,10,8,0,0,4.0,1
2023-08-23,20017,208532,0,0,0,1,1,0,0,,0
2023-08-23,20017,215913,0,0,0,3,3,0,0,,0
2023-08-23,20017,401534,0,0,0,2,2,0,0,,0
2023-08-23,20017,402279,0,0,0,139,137,0,0,4.55,47
2023-08-23,20017,551732,0,0,0,1,1,0,0,,0
2023-08-23,20017,551736,0,0,0,1,1,0,0,,0
2023-08-23,20017,567554,0,0,0,18,17,0,0,,0
2023-08-23,20272,560271,0,0,0,5,5,0,0,,0
2023-08-23,21016,100487,20000,2,2,154,143,10000,0,4.47,1281
2023-08-23,21047,205761,0,0,0,4,4,0,0,,0
2023-08-23,21267,507843,2530,1,1,3,2,2530,0,,0
2023-08-23,21267,567538,4272,2,2,31,28,2136,0,4.23,79
2023-08-23,21462,205582,111100,4,4,47,42,51700,0,4.41,22
2023-08-23,21500,205582,0,0,0,1,1,0,0,5.0,4
2023-08-23,21500,206363,0,0,0,1,1,0,0,,0
2023-08-23,21500,216424,0,0,0,1,1,0,0,,0
2023-08-23,21500,401534,0,0,0,1,1,0,0,,0
2023-08-23,21500,551736,0,0,0,3,3,0,0,,0
2023-08-23,21649,567434,32181,3,3,55,54,10727,0,4.38,3036
2023-08-23,21825,201351,34800,5,5,74,71,22000,0,4.73,265
2023-08-23,21825,205761,3200,1,1,7,7,3200,0,4.69,16
2023-08-23,21825,214099,3300,1,1,4,4,3300,0,,0
2023-08-23,21825,506536,0,0,0,7,7,0,0,4.95,57
2023-08-23,21825,506539,4300,2,2,18,18,4300,0,4.0,7
2023-08-23,21825,567645,0,0,0,11,11,0,0,4.86,37
2023-08-23,21833,205582,0,0,0,27,25,0,0,4.52,23
2023-08-23,21833,205611,0,0,0,28,24,0,0,4.68,22
2023-08-23,21833,551732,0,0,0,86,85,0,0,4.5,4
2023-08-23,21833,551736,5346,1,1,121,116,5346,0,4.25,4
2023-08-23,21833,563689,0,0,0,72,67,0,0,4.47,75
2023-08-23,21917,201925,0,0,0,2,2,0,0,,0
2023-08-23,21917,207288,0,0,0,1,1,0,0,,0
2023-08-23,21917,301577,0,0,0,1,1,0,0,,0
2023-08-23,21917,408789,0,0,0,6,5,0,0,,0
2023-08-23,21917,502221,0,0,0,1,1,0,0,,0
2023-08-23,21917,551228,0,0,0,3,3,0,0,4.0,1
2023-08-23,21917,560271,0,0,0,3,3,0,0,,0
2023-08-23,22130,207288,0,0,0,12,12,0,0,5.0,1
2023-08-23,22130,502835,6980,1,1,3,3,6980,0,,0
2023-08-23,22130,564895,0,0,0,6,6,0,0,4.0,2
2023-08-23,22505,205582,0,0,0,1,1,0,0,,0
2023-08-23,22821,206440,0,0,0,8,8,0,0,3.33,3
2023-08-23,22821,206471,0,0,0,6,6,0,0,3.0,4
2023-08-23,22966,206440,0,0,0,13,13,0,0,4.0,1
2023-08-23,22966,206471,4120,1,1,211,204,4120,0,4.42,603
2023-08-23,23027,100487,0,0,0,62,58,0,0,4.68,292
2023-08-23,23027,201632,0,0,0,2,1,0,0,,0
2023-08-23,23067,206440,33800,14,14,1046,987,18466,3,4.23,2600
2023-08-23,23067,206471,0,0,0,10,9,0,0,5.0,1
2023-08-23,23332,560271,0,0,0,5,5,0,0,4.09,22
2023-08-23,23380,205582,0,0,0,1,1,0,0,4.5,8
2023-08-23,23380,408789,0,0,0,2,2,0,0,5.0,1
2023-08-23,23582,402018,0,0,0,3,3,0,0,,0
2023-08-23,23582,507843,10700,2,2,52,50,10700,0,4.52,100
2023-08-23,23582,510003,0,0,0,2,2,0,0,,0
2023-08-23,23582,560271,0,0,0,2,2,0,0,,0
2023-08-23,23582,567538,6750,1,1,66,62,6750,0,4.72,61
2023-08-23,23590,201632,1870,1,1,9,9,1870,0,,0
2023-08-23,23590,502835,124547,3,3,109,95,124547,0,4.52,70
2023-08-23,23590,564895,209198,4,4,217,205,209198,1,4.61,13
2023-08-23,23590,566403,285352,7,7,308,295,125178,0,4.7,260
2023-08-23,23735,204586,0,0,0,4,4,0,0,,0
2023-08-23,23735,509434,0,0,0,1,1,0,0,,0
2023-08-23,23735,551180,0,0,0,15,10,0,0,4.57,7
2023-08-23,23735,558873,6600,1,1,39,37,6600,0,4.3,20
2023-08-23,24269,205611,0,0,0,25,25,0,0,4.46,182
2023-08-23,24269,401534,0,0,0,34,33,0,0,4.28,62
2023-08-23,24269,408789,0,0,0,6,6,0,0,4.91,11
2023-08-23,24269,502221,0,0,0,28,26,0,0,4.1,141
2023-08-23,24269,560271,3420,1,1,82,78,3420,0,4.23,587
2023-08-23,24609,304080,0,0,0,3,3,0,0,,0
2023-08-23,24664,110365,0,0,0,12,12,0,0,4.67,3
2023-08-23,24664,201925,0,0,0,3,3,0,0,4.06,18
2023-08-23,24664,208532,0,0,0,3,3,0,0,,0
2023-08-23,24664,502280,0,0,0,3,3,0,0,,0
2023-08-23,24664,502835,36958,28,28,756,702,10785,7,4.29,11192
2023-08-23,24664,564895,0,0,0,4,4,0,0,4.37,521
2023-08-23,24672,201184,5800,1,1,2,2,5800,0,5.0,7
2023-08-23,24677,206440,0,0,0,72,71,0,0,3.11,18
2023-08-23,24677,206471,0,0,0,54,54,0,0,3.17,6
2023-08-23,24766,200181,0,0,0,1,1,0,0,,0
2023-08-23,24766,204586,0,0,0,1,1,0,0,,0
2023-08-23,24766,204964,0,0,0,14,14,0,0,,0
2023-08-23,24766,401534,0,0,0,1,1,0,0,,0
2023-08-23,24766,501098,0,0,0,3,3,0,0,,0
2023-08-23,24766,502835,0,0,0,9,9,0,0,4.61,18
2023-08-23,24766,508456,0,0,0,14,13,0,0,3.89,9
2023-08-23,24766,551228,0,0,0,6,6,0,0,,0
2023-08-23,24766,555003,1980,1,1,13,13,1980,0,4.03,198
2023-08-23,24766,560271,0,0,0,6,6,0,0,,0
2023-08-23,24766,565724,0,0,0,2,2,0,0,,0
2023-08-23,24867,205582,0,0,0,40,35,0,0,4.33,90
2023-08-23,24867,205611,0,0,0,2,2,0,0,4.67,30
2023-08-23,24867,551732,0,0,0,13,13,0,0,4.0,4
2023-08-23,24867,551736,0,0,0,81,80,0,1,4.2,5
2023-08-23,24867,563689,0,0,0,9,8,0,0,4.74,23
2023-08-23,24931,100487,0,0,0,9,9,0,0,4.33,3
2023-08-23,24931,110365,0,0,0,1,1,0,0,,0
2023-08-23,24931,207288,0,0,0,5,5,0,0,4.53,71
2023-08-23,24931,560271,0,0,0,5,5,0,0,3.5,2
2023-08-23,24974,201184,9600,1,1,3,3,9600,0,4.75,4
2023-08-23,24974,214099,5744,5,5,48,44,5322,0,4.17,97
2023-08-23,24974,214781,7164,2,2,8,8,3582,0,4.51,37
2023-08-23,24974,564647,0,0,0,8,8,0,0,4.93,28
2023-08-23,25710,201632,0,0,0,5,5,0,0,4.89,9
2023-08-23,26103,206363,0,0,0,1,1,0,0,,0
2023-08-23,26549,207288,3840,3,3,183,174,1280,1,4.45,1702
2023-08-23,26549,216173,32180,18,18,500,469,8101,5,4.34,2623
2023-08-23,26549,408789,0,0,0,28,26,0,0,4.14,7
2023-08-23,26549,502280,0,0,0,38,38,0,0,4.36,67
2023-08-23,26971,205761,0,0,0,3,3,0,0,,0
2023-08-23,26971,407120,0,0,0,2,2,0,0,5.0,2
2023-08-23,27239,216424,0,0,0,5,5,0,0,4.4,38
2023-08-23,27370,201632,0,0,0,3,2,0,0,,0
2023-08-23,27370,206440,0,0,0,1,1,0,0,,0
2023-08-23,27370,206471,0,0,0,6,6,0,0,4.0,1
2023-08-23,27370,216173,0,0,0,1,1,0,0,5.0,1
2023-08-23,27492,206363,0,0,0,4,4,0,0,4.89,9
2023-08-23,27492,558873,0,0,0,1,1,0,0,,0
2023-08-23,27548,101384,60000,2,2,179,170,30000,0,3.0,6
2023-08-23,27548,101535,0,0,0,2,2,0,0,,0
2023-08-23,27548,101954,0,0,0,8,8,0,0,,0
2023-08-23,27548,201184,0,0,0,2,2,0,0,,0
2023-08-23,27548,214099,0,0,0,3,3,0,0,4.71,7
2023-08-23,27548,501098,0,0,0,65,65,0,0,5.0,2
2023-08-23,27548,506012,0,0,0,28,28,0,0,4.5,10
2023-08-23,27548,506539,0,0,0,2,2,0,0,5.0,1
2023-08-23,27548,554973,148000,1,1,47,47,148000,0,3.67,3
2023-08-23,27548,564647,0,0,0,2,2,0,0,5.0,1
2023-08-23,27548,567645,0,0,0,1,1,0,0,5.0,3
2023-08-23,27711,110365,0,0,0,4,4,0,0,,0
2023-08-23,27711,502835,0,0,0,3,3,0,0,5.0,1
2023-08-23,27711,560271,15990,14,14,470,439,13990,1,4.41,861
2023-08-23,27853,206440,0,0,0,5,5,0,0,,0
2023-08-23,27853,301577,0,0,0,4,4,0,0,2.5,2
2023-08-23,27853,502280,0,0,0,5,4,0,0,4.67,3
2023-08-23,27853,551228,0,0,0,54,51,0,0,2.33,3
2023-08-23,27853,551732,0,0,0,1,1,0,0,3.0,2
2023-08-23,27853,560271,0,0,0,3,3,0,0,4.5,2
2023-08-23,28054,408789,0,0,0,8,7,0,0,,0
2023-08-23,28054,502221,0,0,0,2,2,0,0,,0
2023-08-23,28054,502280,0,0,0,17,16,0,0,4.18,11
2023-08-23,28054,560271,0,0,0,1,1,0,0,,0
2023-08-23,28285,100487,2480,1,1,282,270,2480,0,4.45,617
2023-08-23,28285,301577,0,0,0,4,3,0,0,,0
2023-08-23,28285,560271,0,0,0,2,1,0,0,,0
2023-08-23,28488,206363,0,0,0,6,5,0,0,,0
2023-08-23,28488,206440,7000,1,1,34,29,7000,0,4.5,2
2023-08-23,28488,206471,0,0,0,3,2,0,0,,0
2023-08-23,28488,207966,0,0,0,7,6,0,0,,0
2023-08-23,28488,551180,12761,4,4,286,270,12761,0,4.67,6
2023-08-23,28488,558846,5906,3,3,124,103,5906,0,4.5,4
2023-08-23,28488,558873,0,0,0,49,43,0,0,4.67,3
2023-08-23,28793,207288,3400,1,1,72,62,3400,0,4.79,324
2023-08-23,28793,502221,0,0,0,3,3,0,0,,0
2023-08-23,28886,201351,0,0,0,1,1,0,0,4.27,33
2023-08-23,28886,205761,0,0,0,24,22,0,0,4.5,75
2023-08-23,28886,506539,0,0,0,1,1,0,0,4.5,2
2023-08-23,28888,216158,0,0,0,15,14,0,0,4.0,5
2023-08-23,29222,110365,0,0,0,1,1,0,0,,0
2023-08-23,29222,216173,0,0,0,4,4,0,0,4.21,14
2023-08-23,29222,301577,99810,20,20,1507,1381,35230,6,4.48,3502
2023-08-23,29222,401534,0,0,0,12,11,0,0,,0
2023-08-23,29222,502280,0,0,0,2,2,0,0,4.09,11
2023-08-23,29398,205582,0,0,0,2,1,0,0,,0
2023-08-23,29398,551732,94000,5,5,125,122,46000,0,4.49,164
2023-08-23,29398,551736,12000,1,1,92,91,12000,0,4.32,64
2023-08-23,29398,563689,0,0,0,1,1,0,0,,0
2023-08-23,29398,566647,0,0,0,1,1,0,0,,0
2023-08-23,29400,205272,0,0,0,1,1,0,0,,0
2023-08-23,29400,205761,0,0,0,17,16,0,0,4.0,2
2023-08-23,29400,216173,0,0,0,1,1,0,0,,0
2023-08-23,29400,566647,0,0,0,14,12,0,1,4.17,6
2023-08-23,29437,508456,0,0,0,31,28,0,0,4.17,116
2023-08-23,29735,408789,0,0,0,2,2,0,0,5.0,1
2023-08-23,29735,502221,0,0,0,4,3,0,0,,0
2023-08-23,29735,502280,0,0,0,1,1,0,0,,0
2023-08-23,29825,207288,0,0,0,30,30,0,0,5.0,28
2023-08-23,29851,206440,6900,1,1,67,65,6900,0,4.45,63
2023-08-23,29851,206471,0,0,0,72,69,0,0,4.06,49
2023-08-23,29851,401534,0,0,0,25,25,0,0,4.79,62
2023-08-23,29851,408789,0,0,0,2,2,0,0,4.0,1
2023-08-23,29864,101384,60000,4,4,55,50,40000,0,5.0,2
2023-08-23,29864,201351,0,0,0,1,1,0,0,,0
2023-08-23,29864,207288,0,0,0,1,1,0,0,,0
2023-08-23,29864,214781,0,0,0,1,1,0,0,,0
2023-08-23,29864,501098,190000,9,9,312,308,147000,0,4.64,299
2023-08-23,29864,506536,0,0,0,5,5,0,0,,0
2023-08-23,29864,563689,0,0,0,1,1,0,0,,0
2023-08-23,29864,566647,0,0,0,2,2,0,0,3.5,2
2023-08-23,30298,216173,0,0,0,6,6,0,0,3.6,10
2023-08-23,30547,208532,2250,1,1,1,1,2250,0,4.0,3
2023-08-23,30547,216173,0,0,0,4,4,0,0,3.0,2
2023-08-23,30547,402279,0,0,0,17,16,0,0,4.14,21
2023-08-23,30547,501098,0,0,0,1,1,0,0,,0
2023-08-23,30547,567554,0,0,0,11,9,0,0,4.5,14
2023-08-23,30547,567623,0,0,0,1,1,0,0,4.67,12
2023-08-23,30626,100487,0,0,0,5,5,0,0,,0
2023-08-23,30626,407120,0,0,0,32,31,0,0,4.66,417
2023-08-23,30779,101020,0,0,0,2,2,0,0,4.6,5
2023-08-23,30779,201351,0,0,0,3,3,0,0,4.61,23
2023-08-23,30779,205761,5060,2,2,44,42,2530,0,4.74,94
2023-08-23,30779,216173,0,0,0,14,13,0,0,4.2,10
2023-08-23,30779,216424,0,0,0,17,16,0,0,4.89,56
2023-08-23,30779,510003,0,0,0,1,1,0,0,,0
2023-08-23,30779,567623,0,0,0,1,1,0,0,,0
2023-08-23,30910,215430,0,0,0,13,13,0,0,,0
2023-08-23,31127,100992,0,0,0,3,2,0,0,5.0,7
2023-08-23,31127,205761,1800,1,1,7,7,1800,0,4.82,45
2023-08-23,31127,214781,0,0,0,1,1,0,0,5.0,2
2023-08-23,31127,567623,0,0,0,2,2,0,0,,0
2023-08-23,31464,566647,24900,2,2,57,56,24900,0,4.47,340
2023-08-23,31512,502221,0,0,0,2,2,0,0,,0
2023-08-23,31512,502280,0,0,0,2,2,0,0,5.0,1
2023-08-23,31512,502835,0,0,0,3,3,0,0,,0
2023-08-23,31512,560271,0,0,0,281,275,0,0,4.19,68
2023-08-23,31867,201632,0,0,0,34,33,0,0,4.14,58
2023-08-23,31867,401131,5097,2,2,326,316,2548,0,4.43,188
2023-08-23,31920,101384,0,0,0,4,3,0,0,,0
2023-08-23,31920,201184,11000,1,1,7,7,11000,0,,0
2023-08-23,31920,201351,33000,2,2,12,12,16500,0,,0
2023-08-23,31920,204586,0,0,0,1,1,0,0,,0
2023-08-23,31920,207802,0,0,0,1,1,0,0,5.0,1
2023-08-23,31920,214104,0,0,0,1,1,0,0,,0
2023-08-23,31920,558873,0,0,0,1,1,0,0,,0
2023-08-23,31920,564647,0,0,0,1,1,0,0,,0
2023-08-23,31920,567538,0,0,0,2,2,0,0,,0
2023-08-23,32278,566061,0,0,0,3,3,0,0,5.0,5
2023-08-23,32278,567645,0,0,0,3,3,0,0,4.67,3
2023-08-23,32306,205761,0,0,0,5,5,0,0,4.67,3
2023-08-23,32395,567538,6380,1,1,74,66,6380,0,4.43,110
2023-08-23,32489,567538,0,0,0,11,11,0,0,4.5,6
2023-08-23,32594,101384,50000,2,2,15,12,50000,0,,0
2023-08-23,32594,101954,0,0,0,3,3,0,0,5.0,2
2023-08-23,32594,201184,50000,4,4,40,40,12500,0,4.83,318
2023-08-23,32594,205611,0,0,0,4,4,0,0,5.0,1
2023-08-23,32594,205761,0,0,0,1,1,0,0,3.2,5
2023-08-23,32594,206363,0,0,0,1,1,0,0,,0
2023-08-23,32594,207774,0,0,0,1,1,0,0,5.0,1
2023-08-23,32594,506536,0,0,0,1,1,0,0,,0
2023-08-23,32594,564647,60000,3,3,64,62,20000,0,4.79,151
2023-08-23,32594,566647,0,0,0,1,1,0,0,,0
2023-08-23,32595,201184,0,0,0,2,2,0,0,,0
2023-08-23,32595,506536,30000,1,1,24,23,30000,0,5.0,2
2023-08-23,32595,551228,0,0,0,2,2,0,0,5.0,1
2023-08-23,32687,202502,0,0,0,16,16,0,0,4.49,182
2023-08-23,32798,506536,0,0,0,1,1,0,0,,0
2023-08-23,32798,563339,0,0,0,51,49,0,0,4.67,3
2023-08-23,32798,563342,72000,4,4,51,50,28000,0,4.4,10
2023-08-23,32798,567662,0,0,0,8,8,0,0,4.46,11
2023-08-23,32798,567664,17600,2,2,35,35,8800,0,4.68,66
2023-08-23,32809,502835,0,0,0,6,6,0,0,3.76,49
2023-08-23,32809,509434,39307,9,9,877,815,31347,0,4.25,7035
2023-08-23,32876,201351,0,0,0,17,16,0,0,4.6,10
2023-08-23,32876,214099,0,0,0,4,4,0,0,5.0,1
2023-08-23,32876,506536,0,0,0,51,49,0,0,4.59,44
2023-08-23,33112,206361,0,0,0,113,110,0,0,4.28,53
2023-08-23,33112,558846,14040,3,3,319,310,14040,1,4.44,88
2023-08-23,33112,558873,0,0,0,14,13,0,0,3.0,7
2023-08-23,33308,100487,0,0,0,9,9,0,0,3.4,5
2023-08-23,33308,201632,4730,1,1,334,318,4730,0,4.66,82
2023-08-23,33308,508456,0,0,0,2,2,0,0,,0
2023-08-23,33308,551180,0,0,0,25,25,0,0,,0
2023-08-23,33308,558873,0,0,0,21,21,0,0,,0
2023-08-23,33372,216173,4758,4,4,45,43,4758,0,4.23,117
2023-08-23,33379,100487,0,0,0,28,28,0,0,4.05,131
2023-08-23,33379,508599,0,0,0,5,5,0,0,3.33,3
2023-08-23,33513,206440,0,0,0,1,1,0,0,,0
2023-08-23,33841,555003,0,0,0,4,4,0,0,4.26,82
2023-08-23,33922,101535,0,0,0,1,1,0,0,,0
2023-08-23,33922,110409,0,0,0,2,2,0,0,4.67,3
2023-08-23,34030,506539,0,0,0,6,6,0,0,4.66,32
2023-08-23,34226,201925,0,0,0,127,126,0,0,4.46,13
2023-08-23,34226,210413,0,0,0,1,1,0,0,,0
2023-08-23,34226,508456,21928,4,4,118,109,5482,0,4.4,1014
2023-08-23,34263,201925,0,0,0,19,19,0,0,,0
2023-08-23,34263,210022,227096,12,12,738,647,129636,0,4.76,1161
2023-08-23,34263,408789,0,0,0,5,5,0,0,,0
2023-08-23,34263,551180,0,0,0,1,1,0,0,,0
2023-08-23,34271,215913,0,0,0,4,4,0,0,4.88,8
2023-08-23,34272,565724,0,0,0,4,4,0,0,4.0,2
2023-08-23,34393,565724,0,0,0,1,1,0,0,4.67,3
2023-08-23,34577,201925,0,0,0,1,1,0,0,,0
2023-08-23,34577,206440,0,0,0,2,2,0,0,,0
2023-08-23,34577,551180,0,0,0,3,3,0,0,,0
2023-08-23,34577,558846,0,0,0,1,1,0,0,,0
2023-08-23,34698,100487,0,0,0,2,2,0,0,,0
2023-08-23,34698,201632,0,0,0,35,35,0,0,4.28,11
2023-08-23,34698,205761,0,0,0,1,1,0,0,5.0,2
2023-08-23,34698,212377,0,0,0,1,1,0,0,,0
2023-08-23,34698,216158,0,0,0,3,3,0,0,4.0,2
2023-08-23,34698,304763,49200,15,15,126,119,3280,0,4.64,184
2023-08-23,34698,408789,0,0,0,4,4,0,0,4.5,2
2023-08-23,34698,551732,2420,1,1,41,39,2420,0,4.59,110
2023-08-23,34698,551736,3080,2,2,40,38,3080,0,4.55,35
2023-08-23,34838,214104,5140,1,1,41,41,5140,0,4.28,36
2023-08-23,34840,110409,5999,1,1,6,6,5999,0,4.44,96
2023-08-23,35173,201925,17780,2,2,118,111,17780,0,4.62,50
2023-08-23,35755,205272,0,0,0,2,2,0,0,5.0,1
2023-08-23,35755,401131,4900,1,1,119,112,4900,0,4.58,12
2023-08-23,35815,408789,0,0,0,1,1,0,0,,0
2023-08-23,35815,551228,0,0,0,38,37,0,0,4.5,2
2023-08-23,35913,110632,0,0,0,4,4,0,0,5.0,2
2023-08-23,35913,201351,0,0,0,9,9,0,0,5.0,1
2023-08-23,35913,506536,2650,1,1,8,8,2650,0,,0
2023-08-23,35913,511293,0,0,0,7,7,0,0,4.78,23
2023-08-23,35913,563339,0,0,0,6,6,0,0,,0
2023-08-23,36267,565724,0,0,0,8,8,0,0,,0
2023-08-23,36477,101535,13980,1,1,9,9,13980,0,4.91,11
2023-08-23,36477,207774,11980,2,2,56,50,5990,0,5.0,10
2023-08-23,36477,207802,0,0,0,5,4,0,0,5.0,1
2023-08-23,36477,566647,32290,3,3,131,120,32290,0,4.59,172
2023-08-23,36620,401131,2980,1,1,92,85,2980,0,4.62,29
2023-08-23,36840,407120,5500,1,1,45,43,5500,0,4.86,59
2023-08-23,36886,101535,0,0,0,1,1,0,0,,0
2023-08-23,36886,110409,0,0,0,4,4,0,0,4.26,19
2023-08-23,36886,110435,0,0,0,143,137,0,0,4.2,260
2023-08-23,36886,207774,0,0,0,10,10,0,0,4.0,3
2023-08-23,36886,214099,1000,1,1,18,18,1000,0,5.0,3
2023-08-23,36886,214104,1399,1,1,24,24,1399,0,4.79,29
2023-08-23,36886,566647,0,0,0,8,8,0,0,4.33,6
2023-08-23,36886,567645,0,0,0,18,17,0,0,2.75,4
2023-08-23,37096,205272,0,0,0,2,2,0,0,5.0,1
2023-08-23,37096,301577,0,0,0,3,3,0,0,,0
2023-08-23,37185,101954,0,0,0,14,12,0,0,,0
2023-08-23,37185,110365,0,0,0,9,9,0,0,4.0,2
2023-08-23,37185,206440,0,0,0,1,1,0,0,,0
2023-08-23,37185,206471,0,0,0,6,6,0,0,2.0,1
2023-08-23,37185,408789,0,0,0,7,6,0,0,3.6,5
2023-08-23,37185,558846,0,0,0,1,1,0,0,5.0,1
2023-08-23,37185,560271,7998,4,4,701,652,5999,0,3.89,90
2023-08-23,37191,207288,3990,1,1,67,61,3990,0,4.91,243
2023-08-23,37331,101384,282000,2,2,129,123,282000,0,2.75,8
2023-08-23,37331,101954,0,0,0,4,4,0,0,,0
2023-08-23,37331,201351,0,0,0,3,3,0,0,,0
2023-08-23,37331,201632,0,0,0,2,2,0,0,,0
2023-08-23,37331,207288,0,0,0,1,1,0,0,,0
2023-08-23,37331,214104,0,0,0,1,1,0,0,,0
2023-08-23,37331,408789,0,0,0,2,2,0,0,,0
2023-08-23,37376,101384,0,0,0,18,18,0,0,5.0,1
2023-08-23,37376,101535,0,0,0,2,1,0,0,,0
2023-08-23,37376,101954,0,0,0,1,1,0,0,,0
2023-08-23,37376,110365,0,0,0,1,1,0,0,,0
2023-08-23,37376,110435,0,0,0,4,4,0,0,5.0,1
2023-08-23,37376,214099,0,0,0,19,16,0,0,5.0,1
2023-08-23,37376,506536,32000,2,2,27,27,32000,0,5.0,3
2023-08-23,37512,201184,0,0,0,5,5,0,0,4.75,4
2023-08-23,37512,206363,0,0,0,1,1,0,0,,0
2023-08-23,37562,567645,3000,1,1,9,9,3000,0,4.87,39
2023-08-23,37621,201632,0,0,0,1,1,0,0,4.0,1
2023-08-23,37621,206363,0,0,0,13,13,0,0,4.8,10
2023-08-23,37621,207288,0,0,0,11,11,0,0,4.5,10
2023-08-23,37621,214099,0,0,0,32,32,0,0,4.65,20
2023-08-23,37621,304080,8470,1,1,13,12,8470,0,4.6,38
2023-08-23,37621,408789,0,0,0,13,11,0,1,4.43,14
2023-08-23,37621,502221,0,0,0,4,4,0,0,4.33,3
2023-08-23,37621,551180,11275,4,4,353,336,11275,0,4.85,327
2023-08-23,37621,551732,0,0,0,1,1,0,0,,0
2023-08-23,37621,551736,0,0,0,11,9,0,0,4.55,11
2023-08-23,37719,205582,0,0,0,18,16,0,0,4.62,201
2023-08-23,37719,205611,0,0,0,4,3,0,0,4.86,14
2023-08-23,37719,563689,0,0,0,45,42,0,0,4.83,172
2023-08-23,37747,201632,20790,9,9,1333,1258,19470,0,4.75,118
2023-08-23,37747,509434,1350,1,1,63,59,1350,0,3.25,4
2023-08-23,37747,560271,0,0,0,40,37,0,0,4.33,12
2023-08-23,37991,100487,0,0,0,9,9,0,0,,0
2023-08-23,37991,101384,0,0,0,2,2,0,0,,0
2023-08-23,37991,101954,0,0,0,1,1,0,0,,0
2023-08-23,37991,204964,0,0,0,11,11,0,0,,0
2023-08-23,37991,205582,0,0,0,186,174,0,0,4.53,803
2023-08-23,37991,214781,0,0,0,5,5,0,0,,0
2023-08-23,37991,560271,0,0,0,5,5,0,0,,0
2023-08-23,37991,563689,0,0,0,1,1,0,0,4.5,2
2023-08-23,37991,566647,0,0,0,5,5,0,0,5.0,1
2023-08-23,38066,101384,120000,3,3,42,38,110000,0,4.0,2
2023-08-23,38066,101535,0,0,0,3,2,0,0,,0
2023-08-23,38066,206471,0,0,0,2,2,0,0,,0
2023-08-23,38066,207288,0,0,0,3,3,0,0,,0
2023-08-23,38066,408789,0,0,0,6,6,0,0,4.0,1
2023-08-23,38066,506539,0,0,0,5,5,0,0,,0
2023-08-23,38066,558846,0,0,0,3,3,0,0,,0
2023-08-23,38066,567645,0,0,0,2,2,0,0,5.0,1
2023-08-23,38293,101384,50000,1,1,74,65,50000,0,1.67,3
2023-08-23,38293,101954,0,0,0,2,2,0,0,,0
2023-08-23,38293,201184,0,0,0,16,16,0,0,3.5,4
2023-08-23,38293,201351,0,0,0,24,23,0,0,5.0,6
2023-08-23,38293,202502,0,0,0,5,5,0,0,4.0,1
2023-08-23,38293,205272,0,0,0,17,11,0,0,4.86,7
2023-08-23,38293,207802,0,0,0,30,29,0,1,4.64,65
2023-08-23,38293,214099,40000,4,4,261,249,10000,0,4.55,333
2023-08-23,38293,214104,0,0,0,10,10,0,0,4.85,7
2023-08-23,38293,216424,0,0,0,1,1,0,0,,0
2023-08-23,38293,506539,0,0,0,1,1,0,0,,0
2023-08-23,38293,560271,0,0,0,1,1,0,0,,0
2023-08-23,38293,564647,0,0,0,2,2,0,0,4.6,5
2023-08-23,38439,560271,0,0,0,3,2,0,0,5.0,1
2023-08-23,38573,214781,0,0,0,7,6,0,0,4.59,12
2023-08-23,38573,216424,0,0,0,5,5,0,0,4.76,33
2023-08-23,38573,402279,0,0,0,1,1,0,0,,0
2023-08-23,38573,507843,0,0,0,1,1,0,0,,0
2023-08-23,38573,563689,0,0,0,5,5,0,0,,0
2023-08-23,38573,565724,0,0,0,9,9,0,0,5.0,2
2023-08-23,38827,560271,0,0,0,2,2,0,0,5.0,1
2023-08-23,38864,101954,455,1,1,6,6,455,0,,0
2023-08-23,38864,216424,0,0,0,7,7,0,0,5.0,1
2023-08-23,38864,509417,0,0,0,2,2,0,0,,0
2023-08-23,38864,567538,23400,3,3,142,132,23400,2,4.73,289
2023-08-23,38994,110435,0,0,0,10,10,0,0,4.67,36
2023-08-23,38994,207774,0,0,0,24,24,0,0,4.72,49
2023-08-23,38994,207802,10164,3,3,49,45,10164,0,4.59,94
2023-08-23,39077,205761,2145,1,1,13,12,2145,0,4.71,21
2023-08-23,39077,214781,0,0,0,16,11,0,0,4.6,20
2023-08-23,39118,567538,0,0,0,24,24,0,0,3.5,8
2023-08-23,39359,205582,0,0,0,7,7,0,0,4.11,92
2023-08-23,39359,408789,0,0,0,43,42,0,0,4.0,41
2023-08-23,39359,508456,0,0,0,3,3,0,0,3.32,19
2023-08-23,39359,551732,0,0,0,4,4,0,0,4.0,1
2023-08-23,39359,551736,0,0,0,4,3,0,0,5.0,1
2023-08-23,39374,201184,0,0,0,50,48,0,0,4.48,46
2023-08-23,39701,207288,0,0,0,2,2,0,0,,0
2023-08-23,39701,408789,0,0,0,34,28,0,0,,0
2023-08-23,39701,502280,0,0,0,2,2,0,0,,0
2023-08-23,39701,551180,13450,1,1,127,119,13450,0,4.75,20
2023-08-23,39701,558846,0,0,0,18,17,0,0,,0
2023-08-23,39701,558873,0,0,0,122,114,0,0,4.54,13
2023-08-23,39706,560271,0,0,0,66,61,0,0,4.41,540
2023-08-23,39706,564895,0,0,0,1,1,0,0,4.43,272
2023-08-23,40428,558873,0,0,0,7,7,0,0,3.68,66
2023-08-23,40454,210413,0,0,0,18,18,0,0,4.56,71
2023-08-23,40500,206440,0,0,0,18,18,0,0,3.1,10
2023-08-23,40500,206471,0,0,0,5,5,0,0,4.04,23
2023-08-23,40500,402279,0,0,0,30,29,0,0,4.41,32
2023-08-23,40660,216158,0,0,0,11,9,0,0,4.25,8
2023-08-23,40950,202502,0,0,0,1,1,0,0,,0
2023-08-23,41463,101384,60000,2,2,41,39,60000,0,,0
2023-08-23,41463,101535,0,0,0,1,1,0,0,3.0,1
2023-08-23,41608,502835,11900,1,1,180,170,11900,0,3.61,26
2023-08-23,41688,206440,0,0,0,9,9,0,0,4.16,70
2023-08-23,41695,216173,6000,5,5,39,38,1200,1,4.17,115
2023-08-23,41695,567538,0,0,0,1,1,0,0,,0
2023-08-23,42115,216424,0,0,0,8,8,0,0,4.5,10
2023-08-23,42115,551736,0,0,0,4,4,0,0,5.0,2
2023-08-23,42258,100487,0,0,0,374,357,0,0,4.27,391
2023-08-23,42589,206440,0,0,0,3,2,0,0,,0
2023-08-23,42589,206471,0,0,0,9,9,0,0,5.0,1
2023-08-23,42595,206440,0,0,0,16,16,0,0,3.17,12
2023-08-23,42595,206471,2040,1,1,61,59,2040,0,3.67,55
2023-08-23,42777,200181,4310,1,1,19,16,4310,0,4.32,28
2023-08-23,42777,207288,0,0,0,4,4,0,0,,0
2023-08-23,42777,551180,0,0,0,20,20,0,0,,0
2023-08-23,42797,100487,0,0,0,17,17,0,0,4.22,27
2023-08-23,42797,201632,0,0,0,15,15,0,0,5.0,1
2023-08-23,42797,204964,0,0,0,8,8,0,0,,0
2023-08-23,42797,206440,0,0,0,17,17,0,0,3.33,3
2023-08-23,42797,206471,0,0,0,5,5,0,0,,0
2023-08-23,42797,551228,0,0,0,1,1,0,0,4.0,1
2023-08-23,42797,551732,0,0,0,4,4,0,0,,0
2023-08-23,42797,558846,3680,1,1,19,16,3680,0,3.42,12
2023-08-23,42797,563689,3980,1,1,11,11,3980,0,,0
2023-08-23,42970,100487,0,0,0,25,25,0,0,4.67,3
2023-08-23,42970,110365,0,0,0,36,35,0,0,4.56,9
2023-08-23,42970,207288,0,0,0,4,4,0,0,,0
2023-08-23,43129,110365,2749,3,3,114,111,2749,2,4.22,77
2023-08-23,43129,208532,0,0,0,1,1,0,0,,0
2023-08-23,43129,408789,0,0,0,1,1,0,0,,0
2023-08-23,43129,502835,0,0,0,3,2,0,0,5.0,1
2023-08-23,43129,560271,16354,11,11,700,669,13756,0,4.32,1844
2023-08-23,43238,555003,0,0,0,13,12,0,0,3.83,6
2023-08-23,43258,551180,3280,1,1,58,55,3280,0,4.78,27
2023-08-23,43258,560271,0,0,0,22,21,0,0,5.0,3
2023-08-23,43304,506539,23970,6,6,45,40,15967,0,4.67,93
2023-08-23,43793,401131,0,0,0,17,17,0,0,4.74,38
2023-08-23,43797,565724,0,0,0,1,1,0,0,,0
2023-08-23,43813,110365,0,0,0,12,10,0,0,4.27,11
2023-08-23,43813,205761,0,0,0,1,1,0,0,,0
2023-08-23,43813,402279,0,0,0,6,6,0,0,4.57,7
2023-08-23,43813,407120,0,0,0,8,8,0,0,5.0,1
2023-08-23,43813,502835,0,0,0,4,4,0,0,4.8,5
2023-08-23,43813,551736,1000,1,1,4,4,1000,0,,0
2023-08-23,43813,560271,0,0,0,12,12,0,0,4.5,4
2023-08-23,44030,206440,0,0,0,7,7,0,0,3.5,2
2023-08-23,44030,206471,0,0,0,2,2,0,0,,0
2023-08-23,44030,408789,1250,1,1,21,19,1250,0,4.15,13
2023-08-23,44030,551180,4440,1,1,91,85,4440,0,4.63,51
2023-08-23,44030,558846,2700,2,2,60,60,1350,0,4.0,14
2023-08-23,44030,558873,0,0,0,30,28,0,0,4.53,15
2023-08-23,44035,110365,0,0,0,2,2,0,0,,0
2023-08-23,44035,207288,0,0,0,2,2,0,0,,0
2023-08-23,44035,408789,0,0,0,17,15,0,0,4.5,6
2023-08-23,44035,502280,0,0,0,1,1,0,0,2.0,1
2023-08-23,44035,551180,0,0,0,9,9,0,0,,0
2023-08-23,44035,558846,0,0,0,5,5,0,0,3.4,5
2023-08-23,44035,558873,0,0,0,3,3,0,0,3.67,3
2023-08-23,44058,402279,0,0,0,5,5,0,0,5.0,4
2023-08-23,44058,506539,0,0,0,1,1,0,0,,0
2023-08-23,44078,304080,19920,3,3,13,13,14940,0,4.75,4
2023-08-23,45365,551180,0,0,0,5,5,0,0,4.5,2
2023-08-23,45365,558846,0,0,0,1,1,0,0,,0
2023-08-23,45770,567645,0,0,0,2,2,0,0,,0
2023-08-23,45850,110435,0,0,0,6,6,0,0,4.11,9
2023-08-23,45883,201184,16000,1,1,285,268,16000,0,4.65,1074
2023-08-23,45883,214099,0,0,0,2,2,0,0,2.0,2
2023-08-23,45949,205611,780,1,1,60,56,780,0,4.51,53
2023-08-23,45949,401534,4670,2,2,171,166,4670,0,4.47,159
2023-08-23,45954,551732,32680,11,11,336,321,14800,1,4.62,1274
2023-08-23,45954,551736,27980,10,10,260,242,6875,0,4.73,1414
2023-08-23,46572,208532,0,0,0,2,2,0,0,,0
2023-08-23,46579,206440,0,0,0,1,1,0,0,,0
2023-08-23,46579,206471,0,0,0,1,1,0,0,,0
2023-08-23,46579,401534,0,0,0,28,28,0,1,4.65,20
2023-08-23,46696,408789,0,0,0,4,3,0,0,4.0,3
2023-08-23,46950,214781,0,0,0,2,2,0,0,4.55,11
2023-08-23,46950,216424,0,0,0,16,16,0,0,4.38,34
2023-08-23,46950,507843,0,0,0,5,5,0,0,4.17,138
2023-08-23,46950,567538,0,0,0,1,1,0,0,5.0,2
2023-08-23,46959,101535,2280,1,1,4,4,2280,0,3.6,10
2023-08-23,46959,110409,0,0,0,11,10,0,0,4.65,17
2023-08-23,46959,207774,0,0,0,4,4,0,0,3.0,2
2023-08-23,47428,401534,7900,4,4,50,43,1975,0,4.59,195
2023-08-23,47516,408789,0,0,0,9,9,0,0,,0
2023-08-23,47516,502221,0,0,0,9,9,0,0,4.56,18
2023-08-23,47516,502280,3970,1,1,75,72,3970,0,4.04,49
2023-08-23,47670,100487,0,0,0,1,1,0,0,,0
2023-08-23,47670,565724,0,0,0,4,4,0,0,5.0,1
2023-08-23,47787,200181,0,0,0,1,1,0,0,,0
2023-08-23,47787,206363,0,0,0,1,1,0,0,,0
2023-08-23,47787,206440,0,0,0,2,2,0,0,,0
2023-08-23,47787,206471,0,0,0,6,6,0,0,,0
2023-08-23,47787,301577,0,0,0,3,3,0,0,,0
2023-08-23,47787,401131,0,0,0,2,2,0,0,4.0,2
2023-08-23,47787,551180,0,0,0,3,3,0,0,5.0,1
2023-08-23,47787,558846,0,0,0,9,9,0,0,5.0,2
2023-08-23,47787,558873,0,0,0,1,1,0,0,,0
2023-08-23,47942,206440,0,0,0,13,13,0,0,4.16,109
2023-08-23,47942,206471,0,0,0,2,2,0,0,4.5,2
2023-08-23,47942,408789,0,0,0,9,9,0,0,3.77,13
2023-08-23,47942,502221,0,0,0,15,15,0,0,4.22,18
2023-08-23,48324,564895,0,0,0,20,19,0,0,,0
2023-08-23,48461,207288,11000,1,1,33,33,11000,0,4.7,97
2023-08-23,48461,408789,0,0,0,49,47,0,0,4.62,57
2023-08-23,48461,560271,0,0,0,6,6,0,0,5.0,1
2023-08-23,48539,201632,0,0,0,1,1,0,0,,0
2023-08-23,48555,100487,0,0,0,6,6,0,0,,0
2023-08-23,48555,101384,410000,6,6,573,550,220000,0,3.52,33
2023-08-23,48555,101535,0,0,0,1,1,0,0,,0
2023-08-23,48555,101954,0,0,0,29,29,0,0,4.75,4
2023-08-23,48555,110365,0,0,0,2,2,0,0,,0
2023-08-23,48555,201184,0,0,0,10,10,0,0,,0
2023-08-23,48555,204934,0,0,0,2,2,0,0,,0
2023-08-23,48555,204964,0,0,0,20,20,0,0,,0
2023-08-23,48555,205582,0,0,0,2,2,0,0,,0
2023-08-23,48555,214099,0,0,0,3,3,0,0,,0
2023-08-23,48555,214104,10000,1,1,5,4,10000,0,4.43,7
2023-08-23,48555,407120,0,0,0,3,3,0,0,5.0,1
2023-08-23,48555,408789,0,0,0,1,1,0,0,,0
2023-08-23,48555,506536,0,0,0,1,1,0,0,,0
2023-08-23,48555,506539,0,0,0,1,1,0,0,,0
2023-08-23,48555,507843,0,0,0,17,17,0,0,4.43,7
2023-08-23,48555,510003,19000,1,1,6,6,19000,0,,0
2023-08-23,48555,558873,0,0,0,7,7,0,0,5.0,1
2023-08-23,48555,560271,0,0,0,5,5,0,0,,0
2023-08-23,48555,563689,0,0,0,1,1,0,0,,0
2023-08-23,48555,567538,0,0,0,6,6,0,0,5.0,1
2023-08-23,48623,100181,0,0,0,1,1,0,0,,0
2023-08-23,48623,110365,0,0,0,10,10,0,0,5.0,1
2023-08-23,48623,200181,0,0,0,4,4,0,0,5.0,1
2023-08-23,48623,216158,0,0,0,129,126,0,0,3.89,103
2023-08-23,48623,216173,0,0,0,21,14,0,0,4.2,5
2023-08-23,48623,408789,0,0,0,1,1,0,0,5.0,1
2023-08-23,48623,560271,0,0,0,163,155,0,0,4.02,105
2023-08-23,48623,566403,0,0,0,9,9,0,0,4.25,16
2023-08-23,48817,206440,0,0,0,11,9,0,0,4.57,47
2023-08-23,48817,551180,0,0,0,5,4,0,0,4.67,3
2023-08-23,48866,408789,11840,8,8,291,279,1480,0,4.58,346
2023-08-23,48887,567538,0,0,0,8,7,0,0,5.0,2
2023-08-23,49101,408789,0,0,0,4,4,0,0,5.0,1
2023-08-23,49339,216424,71964,8,0,0,0,0,0,,0
2023-08-23,49388,207288,3780,1,1,17,17,3780,0,5.0,3
2023-08-23,49388,408789,0,0,0,5,5,0,0,,0
2023-08-23,49388,502280,0,0,0,55,53,0,0,4.43,7
2023-08-23,49388,551180,0,0,0,123,121,0,0,4.58,19
2023-08-23,49388,558846,0,0,0,53,51,0,0,4.8,5
2023-08-23,49388,558873,0,0,0,12,12,0,0,4.0,1
2023-08-23,49388,560271,0,0,0,1,1,0,0,,0
2023-08-23,49536,205761,0,0,0,2,2,0,0,3.67,3
2023-08-23,49695,110632,0,0,0,1,1,0,0,,0
2023-08-23,49695,563342,0,0,0,9,8,0,0,,0
2023-08-23,50294,210413,0,0,0,2,2,0,0,,0
2023-08-23,50294,502835,1680,1,1,61,57,1680,0,4.3,130
2023-08-23,50294,509434,0,0,0,42,42,0,1,4.54,98
2023-08-23,50294,560271,0,0,0,5,5,0,0,4.63,8
2023-08-23,50839,205761,39990,6,6,199,182,15990,1,4.63,5214
2023-08-23,50839,551736,0,0,0,19,15,0,0,4.13,8
2023-08-23,50867,100181,77000,1,1,79,76,77000,0,4.2,10
2023-08-23,50867,201925,0,0,0,15,15,0,0,,0
2023-08-23,50867,204586,0,0,0,55,55,0,0,2.0,1
2023-08-23,50867,205582,0,0,0,2,2,0,0,,0
2023-08-23,50867,212377,0,0,0,33,33,0,0,4.0,1
2023-08-23,50867,215913,0,0,0,2,2,0,0,,0
2023-08-23,50867,402279,0,0,0,3,3,0,0,,0
2023-08-23,50867,506012,0,0,0,2,2,0,0,,0
2023-08-23,50867,509417,0,0,0,8,8,0,0,,0
2023-08-23,50867,551736,0,0,0,25,25,0,0,,0
2023-08-23,50867,555421,0,0,0,2,2,0,0,,0
2023-08-23,50867,564647,0,0,0,10,10,0,0,4.0,1
2023-08-23,50867,567554,0,0,0,105,105,0,0,3.55,20
2023-08-23,51185,301577,0,0,0,15,15,0,0,,0
2023-08-23,51217,206440,0,0,0,5,5,0,0,,0
2023-08-23,51217,558846,0,0,0,20,19,0,0,4.11,9
2023-08-23,51217,558873,0,0,0,17,17,0,0,4.22,23
2023-08-23,51547,215913,0,0,0,9,9,0,0,4.57,7
2023-08-23,51547,402279,0,0,0,4,4,0,0,,0
2023-08-23,51547,551732,0,0,0,1,1,0,0,4.67,3
2023-08-23,51547,551736,0,0,0,1,1,0,0,,0
2023-08-23,51547,567554,0,0,0,3,3,0,0,4.75,4
2023-08-23,51806,110365,0,0,0,31,30,0,0,4.55,156
2023-08-23,51806,207288,0,0,0,3,2,0,0,,0
2023-08-23,51806,560271,0,0,0,6,6,0,0,4.9,10
2023-08-23,51845,508456,0,0,0,3,3,0,0,,0
2023-08-23,51885,509434,0,0,0,18,18,0,0,4.09,22
2023-08-23,51885,560271,42720,38,38,593,553,22596,1,4.54,3211
2023-08-23,52214,205582,0,0,0,11,10,0,0,,0
2023-08-23,52214,205611,0,0,0,1,1,0,0,,0
2023-08-23,52214,206440,0,0,0,4,4,0,0,,0
2023-08-23,52214,206471,0,0,0,9,8,0,0,,0
2023-08-23,52214,212377,0,0,0,19,19,0,0,4.5,10
2023-08-23,52214,216173,0,0,0,2,2,0,0,5.0,1
2023-08-23,52214,216424,0,0,0,1,1,0,0,4.5,6
2023-08-23,52214,301577,0,0,0,8,8,0,0,,0
2023-08-23,52214,508456,0,0,0,6,6,0,0,4.0,1
2023-08-23,52214,558846,0,0,0,2,2,0,0,,0
2023-08-23,52214,558873,0,0,0,3,3,0,0,,0
2023-08-23,52300,201184,0,0,0,2,1,0,0,,0
2023-08-23,52300,205582,0,0,0,2,2,0,0,5.0,1
2023-08-23,52300,216424,0,0,0,1,1,0,0,,0
2023-08-23,52373,201632,0,0,0,9,8,0,0,5.0,1
2023-08-23,52373,205761,0,0,0,2,2,0,0,,0
2023-08-23,52373,301577,63680,16,16,274,253,15920,3,4.7,44
2023-08-23,52373,401534,990,1,1,20,20,990,1,4.3,10
2023-08-23,52373,402279,0,0,0,3,2,0,0,4.33,3
2023-08-23,52373,502280,0,0,0,1,1,0,0,,0
2023-08-23,52373,508456,0,0,0,32,31,0,0,4.3,87
2023-08-23,52454,201632,0,0,0,13,11,0,0,4.75,4
2023-08-23,52454,201925,0,0,0,334,317,0,0,4.54,59
2023-08-23,52454,204964,0,0,0,7,7,0,0,,0
2023-08-23,52454,205611,0,0,0,1,1,0,0,,0
2023-08-23,52454,207288,0,0,0,1,1,0,0,,0
2023-08-23,52454,208532,19829,1,1,9,9,19829,0,,0
2023-08-23,52454,212377,0,0,0,1,1,0,0,,0
2023-08-23,52454,215913,0,0,0,1,1,0,0,,0
2023-08-23,52454,301577,0,0,0,21,17,0,0,,0
2023-08-23,52454,402279,0,0,0,55,55,0,0,5.0,2
2023-08-23,52454,408789,0,0,0,2,2,0,0,,0
2023-08-23,52454,501098,0,0,0,2,2,0,0,,0
2023-08-23,52454,502835,0,0,0,12,10,0,0,,0
2023-08-23,52454,560271,0,0,0,3,3,0,0,,0
2023-08-23,52543,201351,0,0,0,3,3,0,0,,0
2023-08-23,52543,201925,0,0,0,1,1,0,0,,0
2023-08-23,52543,204586,0,0,0,4,4,0,0,,0
2023-08-23,52543,215430,0,0,0,1,1,0,0,,0
2023-08-23,52543,501098,0,0,0,9,9,0,0,,0
2023-08-23,52543,506536,0,0,0,1,1,0,0,,0
2023-08-23,52578,200181,0,0,0,10,10,0,0,5.0,1
2023-08-23,52578,201632,0,0,0,282,272,0,0,4.72,167
2023-08-23,52578,205272,0,0,0,3,3,0,0,,0
2023-08-23,52578,560271,0,0,0,17,16,0,0,4.67,3
2023-08-23,53066,101535,0,0,0,2,2,0,0,4.0,3
2023-08-23,53066,207288,0,0,0,2,2,0,0,4.5,2
2023-08-23,53069,567538,0,0,0,2,2,0,0,4.88,8
2023-08-23,53069,567645,0,0,0,1,1,0,0,,0
2023-08-23,53386,201632,0,0,0,4,4,0,0,,0
2023-08-23,53386,202502,0,0,0,3,3,0,0,,0
2023-08-23,53386,204586,0,0,0,3,3,0,0,,0
2023-08-23,53386,205582,0,0,0,2,2,0,0,,0
2023-08-23,53386,208532,0,0,0,5,5,0,0,,0
2023-08-23,53386,212377,0,0,0,5,5,0,0,,0
2023-08-23,53386,216173,15120,9,9,128,119,3360,1,4.06,118
2023-08-23,53386,216424,13068,2,2,9,8,6534,0,4.0,1
2023-08-23,53386,301577,0,0,0,4,4,0,0,4.0,1
2023-08-23,53386,508456,5998,1,1,8,4,5998,0,,0
2023-08-23,53386,510003,0,0,0,4,4,0,0,3.5,4
2023-08-23,53386,565724,0,0,0,4,4,0,0,4.5,2
2023-08-23,53386,566403,0,0,0,60,56,0,0,,0
2023-08-23,53683,201632,2480,1,1,28,27,2480,0,4.6,63
2023-08-23,53722,201632,0,0,0,1,1,0,0,,0
2023-08-23,53722,201925,0,0,0,100,96,0,0,,0
2023-08-23,53722,301577,0,0,0,20,17,0,0,,0
2023-08-23,53722,304080,0,0,0,10,10,0,0,3.33,3
2023-08-23,53722,408789,0,0,0,12,12,0,0,5.0,3
2023-08-23,53722,502280,0,0,0,2,2,0,0,,0
2023-08-23,53722,551180,0,0,0,118,113,0,0,4.59,53
2023-08-23,53722,551732,0,0,0,1,1,0,0,,0
2023-08-23,53722,558846,4100,1,1,117,109,4100,0,4.29,14
2023-08-23,53722,558873,0,0,0,65,58,0,0,5.0,2
2023-08-23,54108,204586,65340,2,2,117,112,32670,0,4.43,42
2023-08-23,54108,212377,14850,1,1,79,71,14850,0,5.0,4
2023-08-23,54108,215913,0,0,0,1,1,0,0,,0
2023-08-23,54108,401534,0,0,0,2,2,0,0,,0
2023-08-23,54108,402279,7480,1,1,12,11,7480,0,,0
2023-08-23,54108,407120,0,0,0,21,19,0,0,4.5,8
2023-08-23,54108,508456,1430,1,1,3,2,1430,0,,0
2023-08-23,54108,567554,0,0,0,5,5,0,0,5.0,1
2023-08-23,54123,205582,0,0,0,1,1,0,0,5.0,1
2023-08-23,54123,206440,1980,1,1,13,13,1980,0,3.0,6
2023-08-23,54587,207288,0,0,0,1,1,0,0,,0
2023-08-23,54587,408789,0,0,0,1,1,0,0,,0
2023-08-23,54587,502280,0,0,0,1,1,0,0,,0
2023-08-23,54587,551180,4400,1,1,126,118,4400,0,4.71,21
2023-08-23,54587,558846,16180,4,4,123,113,16180,0,4.41,108
2023-08-23,54587,558873,0,0,0,14,14,0,0,4.53,15
2023-08-23,54918,202502,12800,1,1,46,43,12800,0,4.73,105
2023-08-23,55120,100992,0,0,0,13,11,0,0,4.33,3
2023-08-23,55120,216424,0,0,0,12,12,0,0,4.69,16
2023-08-23,55120,507843,6050,1,1,6,5,6050,0,,0
2023-08-23,55200,100487,0,0,0,4,4,0,0,4.0,3
2023-08-23,55200,100992,0,0,0,1,1,0,0,5.0,2
2023-08-23,55200,206471,0,0,0,1,1,0,0,,0
2023-08-23,55200,216424,0,0,0,1,1,0,0,,0
2023-08-23,55200,401131,0,0,0,12,12,0,0,,0
2023-08-23,55200,510003,3750,1,1,13,13,3750,0,4.67,3
2023-08-23,55568,205611,0,0,0,1,1,0,0,5.0,1
2023-08-23,55568,206440,3480,2,2,50,49,3480,0,4.15,27
2023-08-23,55568,206471,0,0,0,24,24,0,0,3.8,5
2023-08-23,55568,208532,0,0,0,1,1,0,0,,0
2023-08-23,55568,216158,0,0,0,8,8,0,0,4.67,3
2023-08-23,55568,216173,0,0,0,2,2,0,0,5.0,2
2023-08-23,55568,502835,1980,1,1,55,54,1980,1,4.28,108
2023-08-23,55568,551180,0,0,0,1,1,0,0,5.0,1
2023-08-23,55568,551228,0,0,0,1,1,0,0,,0
2023-08-23,55568,551732,0,0,0,1,1,0,0,,0
2023-08-23,55568,558846,2560,1,1,9,7,2560,0,3.87,15
2023-08-23,55568,558873,0,0,0,1,1,0,0,,0
2023-08-23,55568,560271,0,0,0,4,4,0,0,2.0,1
2023-08-23,55799,101384,0,0,0,2,2,0,0,,0
2023-08-23,55799,101535,0,0,0,1,1,0,0,,0
2023-08-23,55799,201351,0,0,0,3,3,0,0,,0
2023-08-23,55799,207774,0,0,0,24,23,0,0,4.5,2
2023-08-23,55799,214099,0,0,0,4,4,0,0,,0
2023-08-23,55799,501098,270000,18,18,512,490,114250,1,4.68,274
2023-08-23,55971,207774,0,0,0,2,2,0,0,,0
2023-08-23,56523,507843,0,0,0,1,1,0,0,3.75,4
2023-08-23,56523,567538,0,0,0,1,1,0,0,3.8,5
2023-08-23,56626,501098,0,0,0,8,8,0,0,4.75,16
2023-08-23,57506,100181,0,0,0,1,1,0,0,,0
2023-08-23,57506,200181,0,0,0,4,4,0,0,5.0,1
2023-08-23,57506,201632,0,0,0,32,30,0,0,,0
2023-08-23,57506,201925,0,0,0,14,14,0,0,,0
2023-08-23,57506,204964,0,0,0,1,1,0,0,,0
2023-08-23,57506,205761,0,0,0,2,2,0,0,,0
2023-08-23,57506,207288,0,0,0,4,4,0,0,,0
2023-08-23,57506,215913,0,0,0,2,2,0,0,,0
2023-08-23,57506,216424,0,0,0,2,2,0,0,,0
2023-08-23,57506,502835,0,0,0,2,2,0,0,,0
2023-08-23,57506,551180,0,0,0,1,1,0,0,,0
2023-08-23,57506,560271,1581,1,1,4,5,1581,0,,0
2023-08-23,57506,563342,0,0,0,1,1,0,0,,0
2023-08-23,57506,567554,0,0,0,1,1,0,0,,0
2023-08-23,57626,100487,0,0,0,11,11,0,0,5.0,2
2023-08-23,57626,204586,277000,3,3,300,279,167000,0,4.79,14
2023-08-23,57626,212377,58000,1,1,91,89,58000,0,4.37,8
2023-08-23,57626,507843,0,0,0,1,1,0,0,,0
2023-08-23,57626,555421,0,0,0,4,4,0,0,,0
2023-08-23,57720,205761,0,0,0,4,4,0,0,4.73,11
2023-08-23,57720,216424,0,0,0,2,2,0,0,4.71,7
2023-08-23,57720,507843,0,0,0,6,6,0,0,4.28,25
2023-08-23,57720,509417,19780,1,1,47,46,19780,0,5.0,2
2023-08-23,57720,510003,103040,8,8,46,44,12880,0,4.51,93
2023-08-23,57720,567538,0,0,0,1,1,0,0,4.6,10
2023-08-23,57784,101535,0,0,0,6,6,0,0,4.38,16
2023-08-23,57784,207774,2180,2,2,84,78,2180,0,4.69,224
2023-08-23,57855,214104,0,0,0,1,1,0,0,4.0,1
2023-08-23,58026,101384,0,0,0,2,2,0,0,,0
2023-08-23,58026,101954,0,0,0,2,2,0,0,,0
2023-08-23,58026,408789,0,0,0,5,4,0,0,,0
2023-08-23,58026,551180,0,0,0,1,1,0,0,,0
2023-08-23,58523,502280,6780,1,1,154,141,6780,0,4.33,219
2023-08-23,58591,508456,0,0,0,1,1,0,0,3.0,1
2023-08-23,58591,560271,0,0,0,4,4,0,0,4.67,6
2023-08-23,58591,564895,0,0,0,1,1,0,0,,0
2023-08-23,58808,507843,0,0,0,5,5,0,0,4.39,28
2023-08-23,58808,567645,0,0,0,1,1,0,0,,0
2023-08-23,58880,100992,122000,2,2,198,191,122000,0,5.0,2
2023-08-23,58880,101384,0,0,0,32,31,0,0,1.0,1
2023-08-23,58880,101954,0,0,0,56,53,0,0,4.25,4
2023-08-23,58880,205611,0,0,0,2,1,0,0,,0
2023-08-23,58880,206361,0,0,0,9,9,0,0,5.0,1
2023-08-23,58880,206363,60000,2,2,129,125,30000,0,4.79,28
2023-08-23,58880,206471,0,0,0,15,15,0,0,,0
2023-08-23,58880,214099,0,0,0,2,2,0,0,,0
2023-08-23,58880,214104,84000,1,1,5,5,84000,0,,0
2023-08-23,58880,401534,0,0,0,1,1,0,0,,0
2023-08-23,58880,407120,0,0,0,4,4,0,0,,0
2023-08-23,58880,408789,0,0,0,12,12,0,0,,0
2023-08-23,58880,502280,0,0,0,33,32,0,0,,0
2023-08-23,58880,506536,0,0,0,3,3,0,0,,0
2023-08-23,58880,551180,0,0,0,15,15,0,0,,0
2023-08-23,58880,558846,0,0,0,9,8,0,0,,0
2023-08-23,58880,558873,0,0,0,19,19,0,0,5.0,1
2023-08-23,59027,200181,0,0,0,5,5,0,0,5.0,1
2023-08-23,59027,502835,0,0,0,10,10,0,0,3.2,10
2023-08-23,59027,551736,0,0,0,3,3,0,0,4.4,5
2023-08-23,59027,560271,2000,2,2,19,17,1000,0,5.0,3
2023-08-23,59074,100487,0,0,0,3,3,0,0,,0
2023-08-23,59074,206440,2680,1,1,65,63,2680,0,3.57,14
2023-08-23,59074,206471,0,0,0,68,64,0,0,4.4,10
2023-08-23,59138,567645,0,0,0,7,4,0,0,5.0,2
2023-08-23,59297,101384,0,0,0,9,8,0,0,,0
2023-08-23,59297,101954,0,0,0,1,1,0,0,,0
2023-08-23,59297,204934,0,0,0,1,1,0,0,,0
2023-08-23,59297,204964,0,0,0,3,3,0,0,,0
2023-08-23,59298,206440,0,0,0,2,1,0,0,,0
2023-08-23,59298,401131,0,0,0,2,2,0,0,,0
2023-08-23,59708,551180,0,0,0,7,7,0,0,,0
2023-08-23,59899,110365,1000,1,1,38,36,1000,0,3.52,19
2023-08-23,59899,216424,0,0,0,3,3,0,0,,0
2023-08-23,59899,507843,0,0,0,2,2,0,0,5.0,5
2023-08-23,59899,560271,3560,2,2,37,37,1780,0,4.0,11
2023-08-23,59916,215913,0,0,0,1,1,0,0,,0
2023-08-23,59916,401534,0,0,0,1,1,0,0,,0
2023-08-23,59916,402279,0,0,0,5,5,0,0,,0
2023-08-23,59916,408789,0,0,0,2,2,0,0,5.0,1
2023-08-23,59991,216424,0,0,0,4,3,0,0,5.0,2
2023-08-23,60052,101384,20000,1,1,97,93,20000,0,,0
2023-08-23,60052,101954,0,0,0,13,13,0,0,,0
2023-08-23,60052,200181,0,0,0,41,41,0,0,4.33,3
2023-08-23,60052,201351,0,0,0,1,1,0,0,,0
2023-08-23,60052,201632,0,0,0,1,1,0,0,,0
2023-08-23,60052,205582,0,0,0,2,2,0,0,,0
2023-08-23,60052,205761,0,0,0,3,3,0,0,4.0,1
2023-08-23,60052,214104,0,0,0,19,18,0,0,3.13,8
2023-08-23,60052,215913,0,0,0,101,98,0,0,4.83,12
2023-08-23,60052,304080,0,0,0,1,1,0,0,,0
2023-08-23,60052,506539,0,0,0,1,1,0,0,,0
2023-08-23,60052,508456,134000,2,2,144,140,134000,0,4.5,8
2023-08-23,60052,509417,0,0,0,42,42,0,0,5.0,1
2023-08-23,60052,566647,60000,1,1,8,8,60000,0,5.0,2
2023-08-23,60094,205272,0,0,0,5,4,0,0,4.33,3
2023-08-23,60094,502835,0,0,0,1,1,0,0,,0
2023-08-23,60147,560271,1000,1,1,41,40,1000,1,4.53,66
2023-08-23,60430,101384,309000,2,2,92,90,309000,0,4.75,8
2023-08-23,60430,201351,0,0,0,3,3,0,0,,0
2023-08-23,60430,214099,0,0,0,3,3,0,0,,0
2023-08-23,60471,100487,0,0,0,1,1,0,0,,0
2023-08-23,60471,110365,0,0,0,8,8,0,0,5.0,1
2023-08-23,60471,207288,0,0,0,17,16,0,0,4.54,24
2023-08-23,60471,408789,0,0,0,2,2,0,0,4.0,3
2023-08-23,60471,502221,0,0,0,39,39,0,0,4.8,15
2023-08-23,60471,502280,0,0,0,54,54,0,1,4.78,45
2023-08-23,60520,408789,0,0,0,33,32,0,0,3.0,1
2023-08-23,60520,551180,0,0,0,145,139,0,0,4.71,45
2023-08-23,60520,558846,0,0,0,82,77,0,0,4.74,23
2023-08-23,60567,206440,0,0,0,34,33,0,0,3.77,13
2023-08-23,60567,206471,0,0,0,22,19,0,0,2.88,8
2023-08-23,60567,216158,0,0,0,1,1,0,0,,0
2023-08-23,60567,502835,0,0,0,3,3,0,0,4.0,1
2023-08-23,60567,508456,0,0,0,1,1,0,0,4.5,2
2023-08-23,60567,551180,0,0,0,2,2,0,0,4.67,6
2023-08-23,60567,551228,0,0,0,2,2,0,0,4.0,2
2023-08-23,60567,551732,0,0,0,2,2,0,0,4.67,3
2023-08-23,60567,558846,0,0,0,2,2,0,0,3.0,1
2023-08-23,60567,558873,0,0,0,1,1,0,0,,0
2023-08-23,60567,560271,0,0,0,4,4,0,0,4.0,7
2023-08-23,60705,566061,10560,2,0,0,0,0,0,,0
2023-08-23,60832,100487,0,0,0,2,2,0,0,,0
2023-08-23,60832,110365,0,0,0,23,22,0,0,5.0,5
2023-08-23,60832,502221,0,0,0,45,38,0,0,4.63,60
2023-08-23,60832,502280,7660,1,1,113,102,7660,0,4.71,313
2023-08-23,60832,502835,0,0,0,1,1,0,0,5.0,1
2023-08-23,60893,408789,0,0,0,5,4,0,0,4.5,2
2023-08-23,60893,502221,0,0,0,3,3,0,0,5.0,2
2023-08-23,60893,502280,0,0,0,26,25,0,0,4.78,23
2023-08-23,61080,304080,0,0,0,7,7,0,0,,0
2023-08-23,61240,100487,0,0,0,1,1,0,0,,0
2023-08-23,61240,110365,9800,2,2,79,75,4900,0,5.0,5
2023-08-23,61240,206440,0,0,0,11,9,0,0,,0
2023-08-23,61240,206471,0,0,0,20,18,0,0,,0
2023-08-23,61240,216158,0,0,0,2,2,0,0,,0
2023-08-23,61240,216173,0,0,0,1,1,0,0,,0
2023-08-23,61240,401534,0,0,0,1,1,0,0,,0
2023-08-23,61240,408789,0,0,0,5,5,0,0,,0
2023-08-23,61240,560271,41000,5,5,428,400,33000,0,4.33,33
2023-08-23,61381,100487,0,0,0,2,2,0,0,,0
2023-08-23,61381,110365,0,0,0,4,4,0,0,5.0,1
2023-08-23,61381,205611,0,0,0,1,1,0,0,,0
2023-08-23,61381,408789,0,0,0,1,1,0,0,3.5,4
2023-08-23,61381,502221,0,0,0,76,72,0,0,4.6,50
2023-08-23,61381,502280,0,0,0,27,27,0,0,4.6,42
2023-08-23,61430,206440,0,0,0,244,230,0,0,3.76,88
2023-08-23,61430,206471,0,0,0,20,16,0,0,3.09,11
2023-08-23,61457,100487,0,0,0,1,1,0,0,,0
2023-08-23,61457,110365,0,0,0,5,5,0,0,,0
2023-08-23,61457,207288,0,0,0,52,49,0,0,4.59,120
2023-08-23,61457,408789,0,0,0,14,14,0,0,4.67,3
2023-08-23,61457,502221,0,0,0,45,43,0,0,4.47,87
2023-08-23,61457,502280,0,0,0,62,55,0,0,4.69,330
2023-08-23,61658,565724,7000,1,1,5,5,7000,0,,0
2023-08-23,61731,216424,126720,41,41,836,762,22996,0,4.6,324
2023-08-23,61803,216158,0,0,0,11,8,0,0,,0
2023-08-23,61982,200181,0,0,0,3,3,0,0,4.0,1
2023-08-23,61982,507515,80300,10,10,286,253,27420,6,4.43,995
2023-08-23,62187,205761,0,0,0,2,2,0,0,3.0,1
2023-08-23,62187,216424,1222,1,0,0,0,0,0,,0
2023-08-23,62380,206440,0,0,0,2,2,0,0,,0
2023-08-23,62659,201632,0,0,0,10,10,0,0,,0
2023-08-23,62659,401131,1580,1,1,104,88,1580,1,4.87,39
2023-08-23,63141,100487,0,0,0,13,13,0,0,5.0,1
2023-08-23,63141,206440,0,0,0,6,5,0,0,4.67,6
2023-08-23,63141,206471,0,0,0,95,93,0,0,4.41,61
2023-08-23,63344,216173,0,0,0,16,16,0,0,3.67,3
2023-08-23,63506,408789,0,0,0,1,1,0,0,,0
2023-08-23,63543,205582,0,0,0,4,4,0,0,4.0,1
2023-08-23,63543,205611,0,0,0,17,15,0,0,4.29,28
2023-08-23,63543,563689,0,0,0,20,20,0,0,5.0,15
2023-08-23,63580,214104,0,0,0,32,31,0,0,4.94,99
2023-08-23,63704,100181,0,0,0,1,1,0,0,,0
2023-08-23,63704,200181,0,0,0,4,4,0,0,4.0,1
2023-08-23,63704,201632,0,0,0,23,21,0,0,,0
2023-08-23,63704,201925,0,0,0,1,1,0,0,,0
2023-08-23,63704,204964,0,0,0,3,3,0,0,,0
2023-08-23,63704,205582,0,0,0,3,2,0,0,,0
2023-08-23,63704,205761,0,0,0,3,3,0,0,,0
2023-08-23,63704,206363,0,0,0,2,2,0,0,,0
2023-08-23,63704,206440,0,0,0,1,1,0,0,,0
2023-08-23,63704,207288,0,0,0,1,1,0,0,,0
2023-08-23,63704,215913,0,0,0,1,1,0,0,,0
2023-08-23,63704,216424,0,0,0,6,6,0,0,1.0,1
2023-08-23,63704,301577,0,0,0,5,5,0,0,,0
2023-08-23,63704,402279,0,0,0,4,4,0,0,,0
2023-08-23,63704,501098,0,0,0,3,3,0,0,,0
2023-08-23,63704,502221,0,0,0,2,1,0,0,,0
2023-08-23,63704,502280,0,0,0,4,4,0,0,,0
2023-08-23,63704,502835,0,0,0,17,17,0,0,,0
2023-08-23,63704,507515,0,0,0,7,7,0,1,3.4,5
2023-08-23,63704,551732,0,0,0,1,1,0,0,,0
2023-08-23,63704,560271,0,0,0,21,21,0,0,,0
2023-08-23,63704,565724,0,0,0,17,17,0,0,,0
2023-08-23,63877,101384,0,0,0,23,22,0,0,4.0,1
2023-08-23,63877,101535,0,0,0,1,1,0,0,,0
2023-08-23,63877,201184,0,0,0,1,1,0,0,,0
2023-08-23,63877,214104,0,0,0,1,1,0,0,,0
2023-08-23,64132,401534,6380,6,6,254,245,3095,3,4.55,610
2023-08-23,64378,216173,0,0,0,2,2,0,0,3.5,2
2023-08-23,64378,502835,0,0,0,1,1,0,0,3.29,7
2023-08-23,64678,100992,0,0,0,5,5,0,0,,0
2023-08-23,64678,201486,0,0,0,1,1,0,0,,0
2023-08-23,65120,101535,0,0,0,1,1,0,0,,0
2023-08-23,65120,207802,0,0,0,18,18,0,0,4.79,14
2023-08-23,65120,566647,0,0,0,1,1,0,0,,0
2023-08-23,65145,560271,15440,3,3,345,326,15440,1,4.54,79
2023-08-23,65193,560271,0,0,0,2,2,0,0,,0
2023-08-23,65550,208532,0,0,0,1,1,0,0,,0
2023-08-23,65550,216173,3300,3,3,23,22,1100,0,4.34,35
2023-08-23,65550,502835,0,0,0,11,11,0,0,4.0,4
2023-08-23,65667,502835,0,0,0,1,1,0,0,,0
2023-08-23,65667,510003,0,0,0,15,13,0,0,4.5,10
2023-08-23,65667,565724,0,0,0,2,2,0,0,,0
2023-08-23,65806,206440,14355,5,5,102,93,5816,1,4.66,190
2023-08-23,65806,206471,0,0,0,15,15,0,0,,0
2023-08-23,66121,206440,0,0,0,2,2,0,0,,0
2023-08-23,66383,206440,0,0,0,13,13,0,0,4.2,10
2023-08-23,66383,206471,0,0,0,16,16,0,0,3.0,2
2023-08-23,66383,216158,0,0,0,1,1,0,0,,0
2023-08-23,66383,216173,0,0,0,2,2,0,0,,0
2023-08-23,66383,408789,0,0,0,1,1,0,0,,0
2023-08-23,66383,502835,2490,1,1,30,29,2490,0,4.29,27
2023-08-23,66383,551180,0,0,0,3,3,0,0,,0
2023-08-23,66383,551228,0,0,0,1,1,0,0,,0
2023-08-23,66383,551732,0,0,0,1,1,0,0,,0
2023-08-23,66383,558846,0,0,0,5,5,0,0,5.0,3
2023-08-23,66383,558873,0,0,0,2,2,0,0,1.0,1
2023-08-23,66383,560271,0,0,0,2,2,0,0,,0
2023-08-23,66694,215913,0,0,0,1,1,0,0,5.0,1
2023-08-23,66694,402279,0,0,0,2,2,0,0,,0
2023-08-23,67109,401534,0,0,0,6,6,0,0,,0
2023-08-23,67142,201351,0,0,0,2,2,0,0,,0
2023-08-23,67142,201925,0,0,0,5,5,0,0,,0
2023-08-23,67142,301577,0,0,0,13,11,0,0,,0
2023-08-23,67171,205611,0,0,0,1,1,0,0,,0
2023-08-23,67171,215430,0,0,0,1,1,0,0,,0
2023-08-23,67171,551228,0,0,0,32,32,0,0,,0
2023-08-23,67171,563689,0,0,0,1,1,0,0,,0
2023-08-23,67221,215913,0,0,0,4,4,0,0,5.0,1
2023-08-23,67221,401534,0,0,0,1,1,0,0,,0
2023-08-23,67221,402279,0,0,0,11,11,0,0,4.0,1
2023-08-23,67221,407120,0,0,0,2,2,0,0,,0
2023-08-23,67593,560271,14080,6,6,495,441,7240,2,4.71,93
2023-08-23,67600,212377,0,0,0,3,3,0,0,,0
2023-08-23,67600,402279,0,0,0,14,13,0,0,,0
2023-08-23,67600,408789,0,0,0,1,1,0,0,,0
2023-08-23,68130,214781,92460,9,9,55,49,46080,2,4.79,143
2023-08-23,68130,216424,4990,1,1,19,18,4990,1,4.83,46
2023-08-23,68130,507843,0,0,0,2,2,0,0,4.25,8
2023-08-23,68130,567623,0,0,0,4,4,0,0,5.0,6
2023-08-23,68130,567645,1480,1,1,0,0,1480,0,3.0,1
2023-08-23,68402,401131,0,0,0,27,26,0,0,,0
2023-08-23,68489,401131,0,0,0,80,77,0,0,,0
2023-08-23,68636,110365,1709,5,5,62,56,569,0,4.53,55
2023-08-23,68636,216173,0,0,0,5,4,0,0,5.0,2
2023-08-23,68636,502835,0,0,0,3,3,0,0,5.0,1
2023-08-23,68636,555421,11024,4,4,63,57,2756,0,4.39,77
2023-08-23,69373,101020,0,0,0,3,3,0,0,,0
2023-08-23,69373,216424,0,0,0,4,4,0,0,,0
2023-08-23,69373,507843,40740,5,5,91,89,33660,0,3.86,7
2023-08-23,69373,510003,0,0,0,6,6,0,0,5.0,1
2023-08-23,69373,567538,0,0,0,2,2,0,0,,0
2023-08-23,69373,567623,0,0,0,10,10,0,0,,0
2023-08-23,69373,567645,0,0,0,2,2,0,0,,0
2023-08-23,69451,567538,0,0,0,1,1,0,0,,0
2023-08-23,70617,206440,0,0,0,1,1,0,0,,0
2023-08-23,70972,101954,0,0,0,1,1,0,0,,0
2023-08-23,70972,201184,0,0,0,1,1,0,0,,0
2023-08-23,70972,506536,0,0,0,1,1,0,0,,0
