date,shop,genre,sales,units,orders,page_views,visitors,carts,reviews_posted,avg_rating,review_count
2023-07-08,113,205582,0,0,0,2,2,0,0,,0
2023-07-08,193,110365,126251,92,92,2369,2172,32156,2,4.46,15997
2023-07-08,193,207288,6600,2,2,101,98,6600,0,4.3,449
2023-07-08,193,502835,0,0,0,1,1,0,0,3.5,2
2023-07-08,193,509434,0,0,0,18,16,0,0,4.86,28
2023-07-08,193,560271,2691194,869,869,23571,21363,233318,20,4.6,54565
2023-07-08,202,206363,0,0,0,1,1,0,0,4.33,3
2023-07-08,202,206440,0,0,0,1,1,0,0,,0
2023-07-08,202,551180,0,0,0,83,81,0,0,4.52,257
2023-07-08,202,558846,13689,2,2,96,91,13689,0,4.6,118
2023-07-08,202,558873,0,0,0,11,11,0,0,4.37,24
2023-07-08,402,100992,0,0,0,1,1,0,0,4.75,4
2023-07-08,402,101020,104230,86,86,413,390,18478,5,4.2,3617
2023-07-08,402,205761,0,0,0,1,1,0,0,,0
2023-07-08,402,214099,0,0,0,1,1,0,0,,0
2023-07-08,402,214781,3718,2,2,7,5,3718,0,4.03,57
2023-07-08,402,216173,0,0,0,3,2,0,0,3.0,1
2023-07-08,402,216424,3600,1,1,3,3,3600,0,4.72,62
2023-07-08,402,402279,0,0,0,5,5,0,0,,0
2023-07-08,402,407120,0,0,0,1,1,0,0,,0
2023-07-08,402,510003,12453,2,2,18,15,12453,0,4.15,14
2023-07-08,402,565724,0,0,0,2,2,0,0,,0
2023-07-08,402,567645,0,0,0,5,5,0,0,,0
2023-07-08,525,506536,0,0,0,3,3,0,0,4.24,17
2023-07-08,525,563339,202534,50,50,339,314,115342,0,4.33,227
2023-07-08,525,563342,112296,30,30,289,269,79956,2,4.4,2444
2023-07-08,525,567662,427017,50,50,357,314,184759,1,4.44,978
2023-07-08,525,567664,616138,69,69,598,555,186393,5,4.64,4009
2023-07-08,680,201632,0,0,0,44,43,0,0,4.73,11
2023-07-08,680,205272,30000,1,1,142,129,30000,0,4.68,1132
2023-07-08,680,551228,0,0,0,4,3,0,0,5.0,1
2023-07-08,680,551732,0,0,0,2,2,0,0,,0
2023-07-08,680,551736,0,0,0,2,2,0,0,,0
2023-07-08,1497,201925,8000,1,1,12,12,8000,0,,0
2023-07-08,1497,207288,0,0,0,15,15,0,0,5.0,1
2023-07-08,1497,216158,0,0,0,1,1,0,0,3.33,3
2023-07-08,1497,301577,0,0,0,2,2,0,0,,0
2023-07-08,1497,402279,2640,1,0,80,68,0,0,4.62,111
2023-07-08,1497,408789,0,0,0,6,5,0,0,,0
2023-07-08,1497,502221,0,0,0,4,4,0,0,3.0,1
2023-07-08,1497,502280,0,0,0,23,23,0,0,3.5,2
2023-07-08,1497,551180,0,0,0,8,8,0,0,,0
2023-07-08,1497,551736,0,0,0,7,5,0,0,,0
2023-07-08,1497,558846,21000,2,2,80,78,21000,0,4.56,34
2023-07-08,1519,216424,0,0,0,1,1,0,0,4.14,7
2023-07-08,1610,200181,2699,1,1,82,76,2699,1,4.61,291
2023-07-08,1610,201632,0,0,0,12,11,0,0,4.4,10
2023-07-08,1610,201925,155190,10,10,897,828,89796,0,4.73,400
2023-07-08,1610,205272,93595,5,5,300,278,70397,1,4.71,1095
2023-07-08,1610,205611,39798,1,1,55,49,39798,0,4.78,691
2023-07-08,1610,207288,0,0,0,16,14,0,0,4.24,17
2023-07-08,1610,214099,0,0,0,7,7,0,0,4.5,4
2023-07-08,1610,215913,44397,2,2,580,530,44397,0,4.71,12422
2023-07-08,1610,216158,4199,1,1,87,80,4199,0,4.54,294
2023-07-08,1610,216173,41220,8,8,128,121,12810,0,4.63,747
2023-07-08,1610,301577,1218374,24,24,1554,1396,599489,1,4.68,3004
2023-07-08,1610,304080,47997,3,3,104,93,15999,0,4.86,28
2023-07-08,1610,401534,13197,3,3,206,193,4399,1,4.57,411
2023-07-08,1610,402279,29392,7,7,384,353,9297,0,4.57,865
2023-07-08,1610,407120,148177,22,22,415,383,32640,0,4.61,970
2023-07-08,1610,502221,189496,4,4,410,378,75698,0,4.59,184
2023-07-08,1610,502280,105997,3,3,400,357,90298,0,4.5,211
2023-07-08,1610,551180,26291,9,9,293,250,15798,0,4.46,389
2023-07-08,1610,551732,0,0,0,8,8,0,0,4.5,2
2023-07-08,1610,551736,1999,1,1,24,24,1999,0,4.83,18
2023-07-08,1610,558846,227307,44,44,641,576,31500,0,4.65,814
2023-07-08,1610,558873,0,0,0,13,13,0,0,4.8,35
2023-07-08,1918,101535,112914,23,23,535,505,34170,2,4.71,2137
2023-07-08,1918,207774,3686,1,1,37,33,3686,0,4.66,399
2023-07-08,2171,101535,0,0,0,5,4,0,0,4.56,27
2023-07-08,2326,201925,0,0,0,10,10,0,0,4.5,2
2023-07-08,2326,204934,71620,5,5,370,339,59983,0,4.61,18
2023-07-08,2326,204964,252424,49,49,1387,1331,119270,0,4.51,490
2023-07-08,2326,207966,55092,2,2,598,540,55092,0,4.5,28
2023-07-08,2326,506012,0,0,0,40,38,0,0,4.43,7
2023-07-08,2326,554973,0,0,0,15,10,0,0,5.0,1
2023-07-08,2457,216424,0,0,0,1,1,0,0,4.75,4
2023-07-08,2457,551180,3100,1,1,13,13,3100,0,4.84,24
2023-07-08,2625,201925,0,0,0,1,1,0,0,,0
2023-07-08,2625,216173,0,0,0,2,2,0,0,,0
2023-07-08,2625,408789,0,0,0,3,3,0,0,,0
2023-07-08,2625,551180,0,0,0,5,5,0,0,,0
2023-07-08,3032,205761,0,0,0,5,5,0,0,4.7,50
2023-07-08,3290,551228,67175,3,1,92,79,19339,0,4.56,103
2023-07-08,3915,201184,0,0,0,1,1,0,0,2.5,2
2023-07-08,3915,214099,0,0,0,1,1,0,0,4.33,3
2023-07-08,3915,506536,0,0,0,2,2,0,0,4.75,4
2023-07-08,3915,567645,0,0,0,13,13,0,0,4.37,753
2023-07-08,4541,100487,0,0,0,35,32,0,0,4.67,3
2023-07-08,4541,110365,5800,1,1,138,124,5800,0,4.19,16
2023-07-08,4541,206440,0,0,0,174,162,0,0,4.8,5
2023-07-08,4541,206471,7620,1,1,175,158,7620,0,4.0,4
2023-07-08,4541,216158,0,0,0,9,9,0,0,1.0,1
2023-07-08,4541,216173,0,0,0,3,2,0,0,4.31,13
2023-07-08,4541,401534,0,0,0,13,11,0,0,4.72,11
2023-07-08,4541,408789,0,0,0,3,3,0,0,,0
2023-07-08,4541,560271,229000,27,27,1382,1238,125000,1,4.19,485
2023-07-08,4643,207288,11550,3,3,33,27,3850,0,4.76,54
2023-07-08,4643,304080,0,0,0,7,7,0,0,,0
2023-07-08,4643,408789,0,0,0,2,2,0,0,5.0,1
2023-07-08,4643,502221,0,0,0,29,28,0,0,4.86,7
2023-07-08,4643,502280,0,0,0,90,90,0,0,4.67,3
2023-07-08,4643,551180,58410,12,12,369,349,45210,0,4.78,162
2023-07-08,4643,558846,0,0,0,46,44,0,0,4.83,23
2023-07-08,4643,558873,0,0,1,172,167,0,0,4.84,93
2023-07-08,4905,216158,0,0,0,2,1,0,0,,0
2023-07-08,4905,408789,0,0,0,1,1,0,0,,0
2023-07-08,5567,510003,0,0,0,3,3,0,0,4.8,5
2023-07-08,6158,200181,0,0,0,1,1,0,0,4.0,2
2023-07-08,6158,201925,0,0,0,11,11,0,0,4.67,3
2023-07-08,6158,301577,0,0,0,3,3,0,0,,0
2023-07-08,6158,408789,0,0,0,7,7,0,0,4.5,2
2023-07-08,6158,551228,0,0,0,2,2,0,0,,0
2023-07-08,6158,560271,0,0,0,1,1,0,0,,0
2023-07-08,6174,205611,0,0,0,1,1,0,0,4.0,1
2023-07-08,6174,401131,3780,2,2,87,83,3780,0,4.83,71
2023-07-08,6174,401534,0,0,0,1,1,0,0,5.0,1
2023-07-08,6174,408789,10830,7,7,361,332,6160,2,4.58,395
2023-07-08,6174,551180,165080,68,68,3182,3025,66523,10,4.7,3268
2023-07-08,6174,558846,11560,4,4,418,373,2890,0,4.54,341
2023-07-08,6174,558873,0,0,0,43,42,0,0,4.21,597
2023-07-08,6817,507843,15144,5,5,27,27,9981,0,4.5,86
2023-07-08,6817,509417,9600,2,2,26,26,4800,0,4.57,163
2023-07-08,6817,567538,0,0,0,9,7,0,0,,0
2023-07-08,7160,206440,660,1,1,32,32,660,0,2.0,1
2023-07-08,7160,206471,690,1,1,21,20,690,0,4.43,7
2023-07-08,7160,401131,0,0,0,43,43,0,0,5.0,2
2023-07-08,7160,401534,5790,4,4,207,198,4790,1,4.43,23
2023-07-08,7160,408789,0,0,0,1,1,0,0,,0
2023-07-08,7160,551180,0,0,0,117,113,0,0,4.8,5
2023-07-08,7160,551736,1200,1,1,14,14,1200,0,,0
2023-07-08,7160,558846,1200,1,1,41,39,1200,0,3.78,9
2023-07-08,7160,558873,0,0,0,1,1,0,0,,0
2023-07-08,7867,100487,33680,2,2,219,200,33680,0,4.58,158
2023-07-08,7867,205582,0,0,0,1,1,0,0,,0
2023-07-08,7867,207288,0,0,0,10,10,0,0,,0
2023-07-08,7867,408789,0,0,0,8,6,0,0,5.0,1
2023-07-08,7867,502221,0,0,0,2,2,0,0,,0
2023-07-08,7867,551736,0,0,0,1,1,0,0,,0
2023-07-08,9159,110365,0,0,0,20,20,0,0,4.73,862
2023-07-08,9159,207288,0,0,0,3,3,0,0,4.89,9
2023-07-08,9159,551732,0,0,0,5,5,0,0,4.62,37
2023-07-08,9159,551736,0,0,0,28,28,0,0,4.78,191
2023-07-08,9435,201632,0,0,0,2,2,0,0,,0
2023-07-08,9435,206440,0,0,0,9,9,0,0,,0
2023-07-08,9435,206471,7180,1,1,5,2,7180,0,,0
2023-07-08,9435,207288,0,0,0,2,2,0,0,,0
2023-07-08,9435,502280,0,0,0,15,13,0,0,,0
2023-07-08,9435,551180,28050,6,6,229,211,28050,0,4.38,16
2023-07-08,9435,558846,26180,5,5,272,255,20790,0,4.6,42
2023-07-08,9435,558873,0,0,0,21,21,0,0,4.75,4
2023-07-08,10130,206440,0,0,0,106,92,0,1,4.01,1420
2023-07-08,10130,206471,0,0,0,83,79,0,0,4.25,82
2023-07-08,10130,216158,0,0,0,16,15,0,0,4.0,13
2023-07-08,10130,216173,0,0,0,12,12,0,0,3.9,19
2023-07-08,10130,408789,0,0,0,1,1,0,0,5.0,1
2023-07-08,10130,502835,0,0,0,3,3,0,0,5.0,1
2023-07-08,10130,551180,2200,1,1,19,19,2200,0,,0
2023-07-08,10130,551732,0,0,0,2,2,0,0,4.0,2
2023-07-08,10130,558873,0,0,0,2,2,0,0,3.83,6
2023-07-08,10403,205582,0,0,0,10,10,0,0,3.5,2
2023-07-08,10403,205611,0,0,0,1,1,0,0,,0
2023-07-08,10403,551228,0,0,0,13,13,0,0,4.67,3
2023-07-08,10801,201925,19460,2,2,131,123,19460,0,4.67,3
2023-07-08,10801,207288,0,0,0,2,1,0,0,,0
2023-07-08,10801,402279,59705,12,12,604,566,43935,0,4.61,228
2023-07-08,10801,508456,6900,1,1,58,48,6900,0,4.51,41
2023-07-08,10801,564895,0,0,0,8,7,0,0,,0
2023-07-08,10801,567554,0,0,0,13,13,0,0,,0
2023-07-08,11456,201632,0,0,0,4,4,0,0,,0
2023-07-08,12039,551736,0,0,0,7,6,0,0,5.0,19
2023-07-08,12234,101020,0,0,0,2,2,0,0,4.55,66
2023-07-08,12234,205761,0,0,0,1,1,0,0,,0
2023-07-08,12234,214781,12100,2,2,68,64,12100,0,4.54,601
2023-07-08,12234,567645,10300,2,2,44,44,10300,0,4.48,104
2023-07-08,12805,205582,0,0,0,13,12,0,0,,0
2023-07-08,12805,206440,19300,9,9,276,267,4650,0,4.18,59
2023-07-08,12998,206361,0,0,0,4,4,0,0,,0
2023-07-08,12998,207288,0,0,0,6,6,0,0,5.0,1
2023-07-08,12998,216424,0,0,0,3,3,0,0,,0
2023-07-08,12998,304080,0,0,0,55,53,0,0,,0
2023-07-08,12998,408789,0,0,0,1,1,0,0,,0
2023-07-08,12998,508599,0,0,0,13,12,0,0,,0
2023-07-08,12998,551180,13700,3,3,359,331,8800,0,4.73,304
2023-07-08,12998,558846,0,0,0,33,32,0,0,,0
2023-07-08,12998,558873,18400,1,1,55,49,18400,0,5.0,2
2023-07-08,12998,567538,0,0,0,19,19,0,0,4.0,1
2023-07-08,13031,100487,0,0,0,4,4,0,0,,0
2023-07-08,13031,205611,0,0,0,1,1,0,0,,0
2023-07-08,13031,206363,0,0,0,6,6,0,0,,0
2023-07-08,13031,206440,0,0,0,22,22,0,0,5.0,1
2023-07-08,13031,206471,0,0,0,12,12,0,0,,0
2023-07-08,13031,207288,0,0,0,18,16,0,0,,0
2023-07-08,13031,216158,0,0,0,7,7,0,0,,0
2023-07-08,13031,304080,0,0,0,56,55,0,0,4.67,6
2023-07-08,13031,408789,15800,1,1,154,147,15800,0,4.68,22
2023-07-08,13031,502221,0,0,0,26,24,0,0,4.5,2
2023-07-08,13031,502280,38780,3,3,302,267,26380,0,4.85,20
2023-07-08,13031,551180,22380,3,3,211,200,22380,0,5.0,10
2023-07-08,13031,558846,9800,1,1,164,157,9800,0,,0
2023-07-08,13031,558873,0,0,0,295,268,0,0,4.6,58
2023-07-08,13031,560271,0,0,0,5,4,0,0,,0
2023-07-08,13261,100487,0,0,0,41,37,0,0,5.0,3
2023-07-08,13261,206440,0,0,0,1,1,0,0,,0
2023-07-08,13261,207288,0,0,0,9,9,0,0,,0
2023-07-08,13261,216158,0,0,0,94,86,0,0,5.0,2
2023-07-08,13261,408789,0,0,0,20,18,0,0,,0
2023-07-08,13261,551180,7984,1,1,44,42,7984,0,,0
2023-07-08,13261,558846,0,0,0,3,3,0,0,,0
2023-07-08,13261,558873,0,0,0,4,4,0,0,,0
2023-07-08,13261,560271,0,0,0,19,18,0,0,,0
2023-07-08,13911,100487,0,0,0,44,42,0,0,4.57,91
2023-07-08,14564,206440,0,0,0,6,5,0,0,,0
2023-07-08,14564,207288,0,0,0,3,3,0,0,,0
2023-07-08,14564,502280,0,0,0,8,8,0,0,,0
2023-07-08,14564,551180,9900,1,1,101,94,9900,0,4.67,3
2023-07-08,14564,558846,0,0,0,79,76,0,0,4.29,7
2023-07-08,14564,558873,0,0,0,5,5,0,0,5.0,2
2023-07-08,15538,100487,16799,1,1,28,27,16799,0,4.55,111
2023-07-08,15538,207288,0,0,0,100,95,0,0,4.0,11
2023-07-08,15538,408789,0,0,0,2,2,0,0,,0
2023-07-08,15538,502221,0,0,0,12,12,0,0,,0
2023-07-08,15538,502280,0,0,0,29,29,0,0,,0
2023-07-08,15538,560271,0,0,0,5,5,0,0,,0
2023-07-08,15538,564895,0,0,0,1,1,0,0,2.44,9
2023-07-08,16036,200181,2399,1,1,9,8,2399,0,5.0,2
2023-07-08,16036,201632,0,0,0,1,1,0,0,,0
2023-07-08,16036,201925,8799,1,1,47,46,8799,0,4.83,6
2023-07-08,16036,205272,0,0,0,8,6,0,0,4.94,48
2023-07-08,16036,205611,0,0,0,3,3,0,0,4.67,18
2023-07-08,16036,207288,11598,1,1,3,3,11598,0,5.0,1
2023-07-08,16036,215913,0,0,0,29,29,0,0,4.71,173
2023-07-08,16036,216173,4469,1,1,39,33,4469,0,4.46,24
2023-07-08,16036,301577,0,0,0,165,155,0,0,4.69,55
2023-07-08,16036,304080,0,0,0,13,10,0,0,4.0,1
2023-07-08,16036,401534,0,0,0,14,14,0,0,4.24,17
2023-07-08,16036,402279,0,0,0,21,20,0,0,4.5,8
2023-07-08,16036,407120,0,0,0,13,10,0,0,4.86,7
2023-07-08,16036,408789,0,0,0,2,2,0,0,4.25,4
2023-07-08,16036,502221,0,0,0,37,37,0,0,4.5,8
2023-07-08,16036,502280,0,0,0,45,43,0,0,5.0,5
2023-07-08,16036,551180,0,0,0,22,20,0,0,5.0,1
2023-07-08,16036,551228,0,0,0,1,1,0,0,,0
2023-07-08,16036,551732,5499,1,1,6,4,5499,0,,0
2023-07-08,16036,551736,0,0,0,2,2,0,0,,0
2023-07-08,16036,558846,6998,2,2,99,93,6998,0,4.43,14
2023-07-08,16036,558873,0,0,0,2,2,0,0,,0
2023-07-08,16036,560271,0,0,0,1,1,0,0,2.0,1
2023-07-08,16799,206440,20000,1,1,23,20,20000,0,,0
2023-07-08,16799,206471,0,0,0,8,8,0,0,,0
2023-07-08,16799,216158,0,0,0,1,1,0,0,,0
2023-07-08,16799,551180,0,0,0,1,1,0,0,,0
2023-07-08,16799,558846,0,0,0,2,2,0,0,,0
2023-07-08,16891,204586,0,0,0,10,4,0,0,,0
2023-07-08,16891,206440,0,0,0,7,6,0,0,4.0,2
2023-07-08,16891,207288,0,0,0,2,2,0,0,4.0,2
2023-07-08,16891,208532,0,0,0,6,3,0,0,,0
2023-07-08,16891,564286,0,0,0,12,2,0,0,,0
2023-07-08,16891,564895,0,0,0,2,2,0,0,3.84,38
2023-07-08,16914,205582,6500,1,1,6,4,6500,0,,0
2023-07-08,16914,207288,0,0,0,1,1,0,0,,0
2023-07-08,16914,301577,0,0,0,11,11,0,0,,0
2023-07-08,16914,408789,0,0,0,1,1,0,0,,0
2023-07-08,16914,502221,0,0,0,8,7,0,0,,0
2023-07-08,16914,502280,0,0,0,1,1,0,0,,0
2023-07-08,16914,560271,0,0,0,3,3,0,0,,0
2023-07-08,17279,205611,0,0,0,6,6,0,0,4.58,19
2023-07-08,17279,206471,0,0,0,1,1,0,0,,0
2023-07-08,17279,207288,0,0,0,2,2,0,0,3.5,2
2023-07-08,17279,567538,0,0,0,4,4,0,0,4.55,11
2023-07-08,17307,100487,0,0,0,1,1,0,0,,0
2023-07-08,17307,201925,0,0,0,28,27,0,0,4.0,5
2023-07-08,17307,207288,0,0,0,4,4,0,0,4.5,8
2023-07-08,17307,216173,1000,1,1,5,4,1000,0,4.19,27
2023-07-08,17307,301577,0,0,0,7,7,0,0,4.33,3
2023-07-08,17307,408789,0,0,0,28,28,0,0,4.4,5
2023-07-08,17307,502221,0,0,0,1,1,0,0,,0
2023-07-08,17307,502280,0,0,0,1,1,0,0,,0
2023-07-08,17307,551228,0,0,0,9,8,0,0,,0
2023-07-08,17307,560271,1000,1,1,12,12,1000,0,5.0,1
2023-07-08,17973,567538,0,0,0,7,6,0,0,4.6,10
2023-07-08,18094,205761,0,0,0,1,1,0,0,5.0,3
2023-07-08,18094,214099,0,0,0,1,1,0,0,,0
2023-07-08,18094,563339,0,0,0,3,3,0,0,5.0,1
2023-07-08,18356,200181,8697,3,3,48,41,5798,0,4.64,47
2023-07-08,18356,201925,0,0,0,42,40,0,0,4.73,15
2023-07-08,18356,205272,0,0,0,8,8,0,0,4.5,18
2023-07-08,18356,205611,0,0,0,6,4,0,0,4.89,18
2023-07-08,18356,214099,1599,1,1,4,4,1599,0,4.0,1
2023-07-08,18356,215913,0,0,0,40,40,0,0,4.63,116
2023-07-08,18356,216173,4198,2,2,88,79,4198,0,4.57,165
2023-07-08,18356,301577,21899,1,1,136,124,21899,0,4.74,46
2023-07-08,18356,304080,0,0,0,18,17,0,0,,0
2023-07-08,18356,401534,0,0,0,23,22,0,0,4.5,8
2023-07-08,18356,402279,16396,4,4,80,74,12097,1,4.35,106
2023-07-08,18356,407120,0,0,0,14,13,0,0,4.48,25
2023-07-08,18356,408789,0,0,0,1,1,0,0,3.0,1
2023-07-08,18356,502221,0,0,0,20,19,0,0,4.6,5
2023-07-08,18356,502280,0,0,0,76,73,0,0,4.26,19
2023-07-08,18356,551180,0,0,0,18,18,0,0,4.22,27
2023-07-08,18356,551228,0,0,0,3,3,0,0,,0
2023-07-08,18356,551736,0,0,0,4,4,0,0,4.0,1
2023-07-08,18356,558846,11997,2,2,106,99,5998,0,4.49,86
2023-07-08,18356,558873,0,0,0,2,2,0,0,4.5,4
2023-07-08,18356,560271,0,0,0,5,5,0,0,5.0,1
2023-07-08,18357,200181,0,0,0,10,8,0,0,4.23,9
2023-07-08,18357,201925,35298,2,2,160,151,35298,0,4.6,53
2023-07-08,18357,205272,45598,2,2,33,28,45598,0,4.84,37
2023-07-08,18357,205611,0,0,0,6,4,0,0,4.92,13
2023-07-08,18357,207288,0,0,0,1,1,0,0,,0
2023-07-08,18357,215913,47598,2,2,86,79,47598,0,4.71,318
2023-07-08,18357,216173,0,0,0,30,27,0,0,4.58,12
2023-07-08,18357,301577,112999,1,1,54,50,112999,0,4.6,5
2023-07-08,18357,304080,0,0,0,21,18,0,0,5.0,1
2023-07-08,18357,401534,0,0,0,17,17,0,0,4.88,8
2023-07-08,18357,402279,0,0,0,31,30,0,0,4.34,29
2023-07-08,18357,407120,0,0,0,21,21,0,0,4.83,24
2023-07-08,18357,502221,81898,2,2,71,68,81898,0,4.82,22
2023-07-08,18357,502280,37499,1,1,91,88,37499,0,4.71,17
2023-07-08,18357,551180,2998,1,1,23,19,2998,0,4.86,7
2023-07-08,18357,551228,48999,1,1,6,4,48999,0,,0
2023-07-08,18357,551732,0,0,0,2,2,0,0,,0
2023-07-08,18357,551736,0,0,0,1,1,0,0,,0
2023-07-08,18357,558846,3999,1,1,61,58,3999,0,4.6,15
2023-07-08,18357,558873,0,0,0,6,6,0,0,4.5,2
2023-07-08,18357,567554,0,0,0,1,1,0,0,,0
2023-07-08,18372,110365,880,1,1,20,20,880,0,4.06,16
2023-07-08,18372,560271,46590,23,23,878,821,20950,3,4.31,4734
2023-07-08,18650,205611,0,0,0,3,3,0,0,4.29,24
2023-07-08,18650,206440,3800,1,1,40,40,3800,0,4.33,39
2023-07-08,18650,206471,0,0,0,104,98,0,0,4.08,60
2023-07-08,18650,208532,0,0,0,6,6,0,0,4.0,2
2023-07-08,18650,216173,1600,2,2,14,13,800,0,4.03,35
2023-07-08,18650,408789,0,0,0,1,1,0,0,,0
2023-07-08,18650,502835,0,0,0,10,10,0,0,4.0,5
2023-07-08,18650,551180,0,0,0,2,2,0,0,5.0,1
2023-07-08,18650,551732,0,0,0,1,1,0,0,4.5,2
2023-07-08,18650,558873,0,0,0,2,2,0,0,,0
2023-07-08,18788,205611,0,0,0,75,72,0,0,4.48,23
2023-07-08,18788,206440,11000,1,1,53,48,11000,0,,0
2023-07-08,18788,206471,20000,1,1,275,256,20000,0,4.5,2
2023-07-08,18788,207288,0,0,0,2,2,0,0,5.0,1
2023-07-08,18788,401534,0,0,0,49,44,0,0,4.45,79
2023-07-08,18788,402279,0,0,0,1,1,0,0,,0
2023-07-08,18788,408789,0,0,0,18,15,0,0,5.0,1
2023-07-08,18788,551180,0,0,0,1,1,0,0,,0
2023-07-08,18788,551228,0,0,0,9,8,0,0,4.67,3
2023-07-08,18788,560271,0,0,0,7,6,0,0,,0
2023-07-08,19634,101535,5480,1,1,58,53,5480,0,3.98,44
2023-07-08,19634,110409,0,0,0,6,6,0,0,4.67,3
2023-07-08,19634,207774,4400,1,1,40,35,4400,0,4.38,26
2023-07-08,19634,214099,0,0,0,22,22,0,0,5.0,2
2023-07-08,20017,201925,0,0,0,15,15,0,0,4.0,1
2023-07-08,20017,215913,0,0,0,2,2,0,0,,0
2023-07-08,20017,401534,0,0,0,1,1,0,0,,0
2023-07-08,20017,402279,8860,2,2,277,260,8860,1,4.55,44
2023-07-08,20017,551732,0,0,0,1,1,0,0,,0
2023-07-08,20017,551736,0,0,0,3,3,0,0,,0
2023-07-08,20017,567554,0,0,0,8,7,0,0,,0
2023-07-08,20272,560271,0,0,0,3,3,0,0,,0
2023-07-08,21016,100487,10000,1,1,176,158,10000,1,4.48,1309
2023-07-08,21047,205761,0,0,0,13,13,0,0,3.94,67
2023-07-08,21267,407120,0,0,0,5,5,0,0,,0
2023-07-08,21267,567538,14676,7,7,71,63,10476,0,4.25,84
2023-07-08,21462,205582,29700,1,1,79,71,29700,0,4.39,53
2023-07-08,21500,205582,0,0,0,2,2,0,0,5.0,4
2023-07-08,21500,206363,0,0,0,2,2,0,0,,0
2023-07-08,21500,214781,0,0,0,1,1,0,0,,0
2023-07-08,21500,401534,0,0,0,2,2,0,0,,0
2023-07-08,21500,551180,1800,1,1,12,11,1800,0,,0
2023-07-08,21500,551732,0,0,0,2,2,0,0,,0
2023-07-08,21649,567434,123269,10,10,169,156,73634,1,4.35,4250
2023-07-08,21825,201351,119400,19,19,146,142,51400,0,4.73,257
2023-07-08,21825,205761,4500,1,1,10,10,4500,0,4.69,16
2023-07-08,21825,214099,0,0,0,6,6,0,0,,0
2023-07-08,21825,216424,9000,1,1,2,2,9000,0,5.0,11
2023-07-08,21825,506536,0,0,0,6,6,0,0,4.95,56
2023-07-08,21825,506539,0,0,0,10,10,0,0,4.0,6
2023-07-08,21825,566647,0,0,0,1,1,0,0,,0
2023-07-08,21825,567554,0,0,0,1,1,0,0,,0
2023-07-08,21825,567645,0,0,0,7,7,0,0,4.85,34
2023-07-08,21833,205582,0,0,0,18,17,0,0,4.34,53
2023-07-08,21833,205611,0,0,0,10,10,0,0,4.77,13
2023-07-08,21833,551228,0,0,0,1,1,0,0,,0
2023-07-08,21833,551732,8712,1,1,19,17,8712,0,4.5,4
2023-07-08,21833,551736,7326,2,2,29,25,7326,0,5.0,2
2023-07-08,21833,563689,39600,2,2,34,32,39600,0,4.51,82
2023-07-08,21917,201925,0,0,0,5,5,0,0,,0
2023-07-08,21917,408789,0,0,0,4,4,0,0,,0
2023-07-08,21917,502221,0,0,0,1,1,0,0,,0
2023-07-08,21917,502280,0,0,0,1,1,0,0,,0
2023-07-08,21917,551228,0,0,0,1,1,0,0,,0
2023-07-08,22130,100487,0,0,0,2,2,0,0,,0
2023-07-08,22130,207288,0,0,0,15,15,0,0,5.0,1
2023-07-08,22130,502835,0,0,0,2,2,0,0,,0
2023-07-08,22130,564895,0,0,0,2,2,0,0,4.0,2
2023-07-08,22505,402279,0,0,0,2,2,0,0,,0
2023-07-08,22966,206440,0,0,0,33,30,0,0,4.33,3
2023-07-08,22966,206471,67937,13,13,547,524,34785,0,4.39,563
2023-07-08,23027,100487,3100,1,1,99,85,3100,0,4.69,253
2023-07-08,23036,551732,0,0,0,2,2,0,0,4.83,6
2023-07-08,23036,551736,0,0,0,2,2,0,0,1.0,1
2023-07-08,23332,560271,1197,3,3,16,14,399,0,4.0,15
2023-07-08,23380,205582,0,0,0,1,1,0,0,4.57,7
2023-07-08,23380,408789,0,0,0,4,3,0,0,5.0,1
2023-07-08,23537,567645,4000,2,2,5,3,2000,0,4.86,7
2023-07-08,23582,216424,0,0,0,2,2,0,0,5.0,1
2023-07-08,23582,402018,0,0,0,5,5,0,0,,0
2023-07-08,23582,507843,19350,3,3,65,59,13320,1,4.56,95
2023-07-08,23582,567538,40618,9,9,149,131,14416,0,4.78,46
2023-07-08,23590,502835,293750,8,8,276,252,72392,0,4.53,70
2023-07-08,23590,564895,109599,2,2,246,221,109599,0,4.33,3
2023-07-08,23590,566403,113041,4,6,307,288,89332,0,4.67,363
2023-07-08,23735,204586,0,0,0,1,1,0,0,,0
2023-07-08,23735,509434,0,0,0,1,1,0,0,,0
2023-07-08,23735,551180,0,0,0,18,15,0,0,4.6,5
2023-07-08,23735,558873,6630,1,1,78,68,6630,0,4.3,20
2023-07-08,24269,205611,0,0,0,18,16,0,0,4.46,182
2023-07-08,24269,401534,0,0,0,48,47,0,0,4.24,118
2023-07-08,24269,408789,0,0,0,8,8,0,0,4.91,11
2023-07-08,24269,502221,0,0,0,29,29,0,0,4.12,134
2023-07-08,24269,560271,3080,1,1,93,91,3080,0,4.22,580
2023-07-08,24672,110409,0,0,0,2,2,0,0,,0
2023-07-08,24672,201184,0,0,0,1,1,0,0,5.0,7
2023-07-08,24766,100181,0,0,0,1,1,0,0,,0
2023-07-08,24766,201351,0,0,0,1,1,0,0,,0
2023-07-08,24766,201925,0,0,0,1,1,0,0,,0
2023-07-08,24766,204586,0,0,0,1,1,0,0,,0
2023-07-08,24766,207288,0,0,0,1,1,0,0,,0
2023-07-08,24766,215430,0,0,0,4,4,0,0,,0
2023-07-08,24766,401534,0,0,0,2,2,0,0,,0
2023-07-08,24766,501098,0,0,0,1,1,0,0,,0
2023-07-08,24766,502221,0,0,0,1,1,0,0,,0
2023-07-08,24766,502835,0,0,0,7,7,0,0,4.65,17
2023-07-08,24766,508456,0,0,0,11,11,0,0,3.89,9
2023-07-08,24766,509434,0,0,0,1,1,0,0,,0
2023-07-08,24766,551180,0,0,0,4,4,0,0,,0
2023-07-08,24766,551228,0,0,0,17,17,0,0,,0
2023-07-08,24766,555003,0,0,0,10,10,0,1,4.02,199
2023-07-08,24766,560271,0,0,0,5,4,0,0,,0
2023-07-08,24766,565724,0,0,0,4,4,0,0,,0
2023-07-08,24867,205582,0,0,0,77,69,0,0,4.35,133
2023-07-08,24867,205611,28050,2,2,48,39,28050,0,4.58,228
2023-07-08,24867,551228,0,0,0,5,5,0,0,4.75,4
2023-07-08,24867,551732,0,0,0,13,13,0,0,4.56,16
2023-07-08,24867,551736,13200,2,2,31,24,13200,0,4.35,45
2023-07-08,24867,563689,33000,1,1,39,35,33000,0,4.53,260
2023-07-08,24931,100487,0,0,0,12,12,0,0,5.0,3
2023-07-08,24931,207288,0,0,0,3,3,0,0,4.51,68
2023-07-08,24931,560271,0,0,0,138,137,0,0,3.5,2
2023-07-08,25710,201632,0,0,0,8,8,0,0,4.89,9
2023-07-08,26549,207288,6040,4,4,339,321,4760,0,4.44,1704
2023-07-08,26549,216173,41560,26,26,447,420,9468,2,4.34,2482
2023-07-08,26549,408789,0,0,0,6,5,0,0,4.14,7
2023-07-08,26549,502280,5980,1,1,97,84,5980,0,4.34,62
2023-07-08,26556,407120,0,0,0,2,2,0,0,4.0,3
2023-07-08,26556,502221,0,0,0,5,3,0,0,,0
2023-07-08,26556,502280,0,0,0,1,1,0,0,,0
2023-07-08,26556,502835,0,0,0,1,1,0,0,,0
2023-07-08,27239,216424,0,0,0,6,6,0,0,4.36,36
2023-07-08,27316,201925,0,0,0,1,1,0,0,,0
2023-07-08,27316,551228,0,0,0,5,5,0,0,5.0,3
2023-07-08,27370,100487,0,0,0,1,1,0,0,,0
2023-07-08,27370,206440,0,0,0,4,4,0,0,,0
2023-07-08,27370,206471,0,0,0,20,20,0,0,4.33,3
2023-07-08,27370,207288,0,0,0,1,1,0,0,,0
2023-07-08,27370,551228,0,0,0,1,1,0,0,3.2,5
2023-07-08,27370,551736,0,0,0,1,1,0,0,,0
2023-07-08,27492,206363,0,0,0,2,2,0,0,4.89,9
2023-07-08,27492,551180,0,0,0,7,6,0,0,3.6,10
2023-07-08,27711,110365,0,0,0,4,4,0,0,,0
2023-07-08,27711,502835,0,0,0,2,2,0,0,5.0,1
2023-07-08,27711,560271,15090,12,12,614,582,12090,2,4.4,980
2023-07-08,28054,408789,0,0,0,8,8,0,0,,0
2023-07-08,28054,502221,0,0,0,2,2,0,0,,0
2023-07-08,28054,502280,0,0,0,35,28,0,0,4.18,11
2023-07-08,28054,558873,0,0,0,1,1,0,0,,0
2023-07-08,28488,206363,0,0,0,18,14,0,0,5.0,2
2023-07-08,28488,206440,8260,2,2,117,104,8260,0,4.5,4
2023-07-08,28488,216158,4830,1,1,45,44,4830,0,,0
2023-07-08,28488,551180,72413,14,9,312,268,39710,0,5.0,5
2023-07-08,28488,558846,26002,7,5,133,113,16300,0,5.0,1
2023-07-08,28488,558873,4280,1,1,35,29,4280,0,,0
2023-07-08,28793,207288,15100,6,6,78,70,5033,0,4.79,330
2023-07-08,28886,201351,0,0,0,1,1,0,0,4.27,33
2023-07-08,28886,205761,670,1,1,38,38,670,0,4.49,76
2023-07-08,28886,506539,0,0,0,1,1,0,0,4.5,2
2023-07-08,29093,214104,3980,1,1,5,5,3980,0,,0
2023-07-08,29222,110365,0,0,0,6,5,0,0,,0
2023-07-08,29222,216173,0,0,0,5,5,0,0,4.42,26
2023-07-08,29222,301577,201982,43,43,1783,1613,57646,3,4.49,3366
2023-07-08,29222,501098,0,0,0,1,1,0,0,,0
2023-07-08,29222,502280,0,0,0,8,7,0,0,4.09,11
2023-07-08,29437,508456,0,0,0,94,90,0,0,4.11,120
2023-07-08,29735,502221,0,0,0,8,8,0,0,,0
2023-07-08,29825,207288,2200,1,1,33,32,2200,0,5.0,27
2023-07-08,30298,216173,0,0,0,5,5,0,0,3.6,10
2023-07-08,30547,208532,0,0,0,3,3,0,0,5.0,1
2023-07-08,30547,216173,0,0,0,5,5,0,0,3.0,2
2023-07-08,30547,402279,2960,2,2,48,47,1480,0,4.14,22
2023-07-08,30547,567554,0,0,0,1,1,0,0,4.67,9
2023-07-08,30547,567623,0,0,0,6,5,0,0,4.75,16
2023-07-08,30626,100487,0,0,0,4,3,0,0,,0
2023-07-08,30626,407120,61450,10,10,66,62,21391,1,4.65,401
2023-07-08,30779,101020,0,0,0,6,6,0,0,4.6,5
2023-07-08,30779,201351,0,0,0,7,7,0,0,4.6,20
2023-07-08,30779,205761,17490,6,6,57,55,7095,0,4.74,85
2023-07-08,30779,216173,2178,1,1,15,15,2178,0,4.2,10
2023-07-08,30779,216424,126120,20,20,103,91,16420,0,4.78,64
2023-07-08,30910,215430,0,0,0,1,1,0,0,,0
2023-07-08,31127,100992,0,0,0,1,1,0,0,5.0,7
2023-07-08,31127,205761,2800,2,2,18,17,2800,0,4.72,67
2023-07-08,31464,566647,275800,10,10,218,210,126400,0,4.45,442
2023-07-08,31512,207288,0,0,0,2,2,0,0,1.0,1
2023-07-08,31512,502221,0,0,0,2,2,0,0,,0
2023-07-08,31512,502835,0,0,0,4,4,0,0,,0
2023-07-08,31512,560271,14918,5,5,375,357,14918,0,4.11,62
2023-07-08,31867,201632,0,0,0,32,30,0,0,4.14,58
2023-07-08,31867,401131,13533,7,7,291,259,4038,1,4.44,182
2023-07-08,32278,101535,0,0,0,1,1,0,0,,0
2023-07-08,32278,110409,0,0,0,1,1,0,0,,0
2023-07-08,32278,214099,0,0,0,1,1,0,0,,0
2023-07-08,32278,566061,1780,1,1,6,5,1780,0,5.0,5
2023-07-08,32278,567645,0,0,0,1,1,0,0,4.67,3
2023-07-08,32306,205761,390,1,1,3,3,390,0,5.0,1
2023-07-08,32306,551736,0,0,0,1,1,0,0,,0
2023-07-08,32395,567538,20340,3,3,86,77,13360,0,4.45,107
2023-07-08,32489,567538,1500,1,1,32,32,1500,0,4.4,5
2023-07-08,32798,563339,3480,1,1,73,73,3480,0,,0
2023-07-08,32798,563342,2516,1,1,19,18,2516,0,4.41,17
2023-07-08,32798,567662,25940,3,3,10,8,25940,0,4.45,9
2023-07-08,32798,567664,27600,3,3,82,76,18800,0,4.66,64
2023-07-08,32809,502835,5980,1,1,8,7,5980,0,3.76,49
2023-07-08,32809,509434,387305,132,132,2407,2119,80041,6,4.26,6779
2023-07-08,32876,201351,0,0,0,21,21,0,0,4.6,10
2023-07-08,32876,214099,0,0,0,3,3,0,0,5.0,1
2023-07-08,32876,506536,10024,3,3,34,32,10024,0,4.63,33
2023-07-08,32877,207288,0,0,0,6,6,0,0,5.0,1
2023-07-08,33054,510003,0,0,0,11,11,0,0,4.56,25
2023-07-08,33112,206361,0,0,0,146,143,0,0,4.23,52
2023-07-08,33112,206363,0,0,0,2,2,0,0,5.0,2
2023-07-08,33112,558846,31650,6,6,335,322,22290,0,4.46,83
2023-07-08,33112,558873,0,0,0,26,25,0,0,3.5,14
2023-07-08,33308,100487,0,0,0,2,2,0,0,,0
2023-07-08,33308,201632,0,0,0,342,324,0,0,4.56,79
2023-07-08,33308,551180,8415,1,1,73,71,8415,0,,0
2023-07-08,33308,558873,0,0,0,10,8,0,0,4.0,1
2023-07-08,33379,100487,3200,1,1,35,32,3200,0,3.97,127
2023-07-08,33379,508599,0,0,0,5,5,0,0,3.5,4
2023-07-08,33513,206440,0,0,0,2,2,0,0,,0
2023-07-08,33513,558846,0,0,0,3,3,0,0,,0
2023-07-08,33841,555003,0,0,0,3,3,0,0,4.26,82
2023-07-08,34030,506539,1357,1,1,2,2,1357,1,4.56,25
2023-07-08,34226,201925,0,0,0,68,68,0,0,4.34,6
2023-07-08,34226,210413,0,0,0,1,1,0,0,,0
2023-07-08,34226,212377,0,0,0,1,1,0,0,,0
2023-07-08,34226,508456,19122,5,5,125,112,15030,0,4.4,1005
2023-07-08,34263,201925,0,0,0,2,2,0,0,,0
2023-07-08,34263,210022,446023,24,24,689,611,252288,0,4.76,1125
2023-07-08,34263,551180,0,0,0,5,5,0,0,3.5,2
2023-07-08,34271,212377,0,0,0,1,1,0,0,,0
2023-07-08,34271,215913,0,0,0,8,8,0,0,4.92,13
2023-07-08,34271,508456,0,0,0,1,1,0,0,,0
2023-07-08,34393,551228,0,0,0,1,1,0,0,,0
2023-07-08,34393,565724,0,0,0,1,1,0,0,4.67,3
2023-07-08,34577,201925,0,0,0,1,1,0,0,,0
2023-07-08,34577,206440,0,0,0,2,2,0,0,,0
2023-07-08,34577,551180,0,0,0,6,6,0,0,,0
2023-07-08,34577,558846,0,0,0,2,2,0,0,,0
2023-07-08,34698,100487,0,0,0,2,2,0,0,,0
2023-07-08,34698,201632,0,0,0,17,17,0,0,4.3,10
2023-07-08,34698,205582,0,0,0,1,1,0,0,,0
2023-07-08,34698,212377,0,0,0,1,1,0,0,,0
2023-07-08,34698,216158,0,0,0,10,10,0,0,4.0,2
2023-07-08,34698,304763,129080,33,33,419,394,17780,0,4.64,167
2023-07-08,34698,408789,0,0,0,7,7,0,0,,0
2023-07-08,34698,551732,26840,5,5,130,123,18773,0,4.59,105
2023-07-08,34698,551736,9680,5,5,95,93,5390,0,4.5,32
2023-07-08,34838,214104,10280,2,2,36,36,5140,0,4.24,33
2023-07-08,34840,110409,0,0,0,14,14,0,0,4.68,76
2023-07-08,34840,207774,0,0,0,2,2,0,0,4.73,11
2023-07-08,34840,566647,0,0,0,8,8,0,0,5.0,3
2023-07-08,35173,201925,21570,3,3,130,120,17780,0,4.68,47
2023-07-08,35755,205272,0,0,0,8,8,0,0,5.0,5
2023-07-08,35755,401131,0,0,0,107,103,0,0,4.64,11
2023-07-08,35815,408789,0,0,0,6,6,0,0,,0
2023-07-08,35815,551228,0,0,0,66,63,0,0,4.6,5
2023-07-08,35913,110632,8980,1,1,63,61,8980,0,4.77,26
2023-07-08,35913,201351,4173,1,1,26,26,4173,0,4.8,5
2023-07-08,35913,506536,0,0,0,6,6,0,0,,0
2023-07-08,35913,511293,0,0,0,49,49,0,0,4.78,36
2023-07-08,35913,563339,0,0,0,5,5,0,0,,0
2023-07-08,36477,101535,0,0,0,30,29,0,0,4.75,12
2023-07-08,36477,207774,11980,2,2,41,40,5990,0,5.0,10
2023-07-08,36477,207802,8800,1,1,4,3,8800,0,5.0,1
2023-07-08,36477,566647,160850,24,24,331,306,89020,1,4.63,168
2023-07-08,36620,401131,0,0,0,66,64,0,0,4.62,29
2023-07-08,36840,407120,8360,2,2,61,57,4180,0,4.86,57
2023-07-08,36886,110409,1399,1,1,17,17,1399,0,4.36,14
2023-07-08,36886,110435,42130,9,9,1436,1351,8074,0,4.27,241
2023-07-08,36886,207774,2997,3,3,75,72,1998,0,4.5,10
2023-07-08,36886,207802,0,0,0,2,2,0,0,,0
2023-07-08,36886,214099,0,0,0,31,31,0,0,5.0,4
2023-07-08,36886,214104,0,0,0,54,49,0,0,4.72,25
2023-07-08,36886,566647,0,0,0,56,54,0,0,4.5,6
2023-07-08,36886,567645,0,0,0,34,34,0,0,3.44,9
2023-07-08,37096,301577,3200,1,1,1,1,3200,0,,0
2023-07-08,37096,408789,0,0,0,1,1,0,0,,0
2023-07-08,37185,101954,0,0,0,17,15,0,0,,0
2023-07-08,37185,110365,0,0,0,24,23,0,0,4.0,2
2023-07-08,37185,206440,0,0,0,3,3,0,0,,0
2023-07-08,37185,206471,0,0,0,12,11,0,0,3.0,2
2023-07-08,37185,408789,0,0,0,8,7,0,0,3.6,5
2023-07-08,37185,558846,0,0,0,7,6,0,0,5.0,1
2023-07-08,37185,560271,9995,5,5,611,576,1999,0,3.92,77
2023-07-08,37621,201632,0,0,0,3,3,0,0,4.0,1
2023-07-08,37621,206363,0,0,0,16,16,0,0,4.71,7
2023-07-08,37621,207288,0,0,0,17,16,0,0,5.0,1
2023-07-08,37621,214099,1712,2,2,16,15,1712,0,4.72,18
2023-07-08,37621,304080,0,0,0,79,74,0,1,4.58,36
2023-07-08,37621,402279,0,0,0,4,4,0,0,5.0,1
2023-07-08,37621,408789,0,0,0,15,15,0,0,4.78,9
2023-07-08,37621,502221,6600,1,1,14,14,6600,0,4.5,2
2023-07-08,37621,551180,49314,21,21,688,646,32792,4,4.85,287
2023-07-08,37621,551732,0,0,0,1,1,0,0,4.0,1
2023-07-08,37621,551736,1000,1,1,13,12,1000,0,4.33,12
2023-07-08,37719,205582,13200,2,2,58,54,13200,0,4.58,428
2023-07-08,37719,205611,0,0,0,11,10,0,0,4.87,91
2023-07-08,37719,563689,0,0,0,66,62,0,0,4.84,211
2023-07-08,37747,201632,82225,22,22,3656,3480,58905,0,4.77,115
2023-07-08,37747,509434,5875,4,4,119,112,4376,0,3.43,7
2023-07-08,37747,560271,1000,1,1,46,46,1000,0,4.0,31
2023-07-08,38293,101384,100000,1,1,50,48,100000,0,3.0,5
2023-07-08,38293,101954,0,0,0,1,1,0,0,,0
2023-07-08,38293,201184,38000,2,2,27,27,38000,0,4.56,16
2023-07-08,38293,201351,19000,2,2,21,21,19000,0,5.0,5
2023-07-08,38293,202502,0,0,0,2,2,0,0,4.0,1
2023-07-08,38293,205272,0,0,0,9,9,0,0,4.86,7
2023-07-08,38293,207288,0,0,0,1,1,0,0,,0
2023-07-08,38293,207802,15000,1,1,35,33,15000,0,4.64,67
2023-07-08,38293,214099,254000,22,22,385,364,104000,0,4.54,311
2023-07-08,38293,214104,5000,1,1,16,14,5000,0,4.85,7
2023-07-08,38293,216424,0,0,0,1,1,0,0,,0
2023-07-08,38293,506539,0,0,0,1,1,0,0,,0
2023-07-08,38293,564647,0,0,0,1,1,0,0,4.6,5
2023-07-08,38439,551228,0,0,0,1,1,0,0,,0
2023-07-08,38439,560271,0,0,0,4,4,0,0,,0
2023-07-08,38573,214781,9280,1,1,9,9,9280,0,4.88,25
2023-07-08,38573,216424,5000,1,1,5,5,5000,0,4.8,29
2023-07-08,38573,402279,0,0,0,3,3,0,0,,0
2023-07-08,38573,563689,0,0,0,12,12,0,0,,0
2023-07-08,38573,565724,0,0,0,4,3,0,0,5.0,1
2023-07-08,38827,207288,0,0,0,1,1,0,0,,0
2023-07-08,38827,560271,0,0,0,2,2,0,0,4.0,1
2023-07-08,38864,101954,455,1,1,10,10,455,0,1.0,1
2023-07-08,38864,216424,0,0,0,10,10,0,0,5.0,1
2023-07-08,38864,509417,0,0,0,2,2,0,0,,0
2023-07-08,38864,567538,65040,4,4,125,114,42340,1,4.7,325
2023-07-08,38994,110435,0,0,0,17,15,0,0,4.61,31
2023-07-08,38994,207774,9246,2,2,94,86,9246,0,4.72,46
2023-07-08,38994,207802,31064,7,7,91,81,9540,1,4.56,86
2023-07-08,39118,567538,0,0,0,12,12,0,0,4.09,11
2023-07-08,39359,205582,0,0,0,3,3,0,0,4.11,76
2023-07-08,39359,408789,2780,1,1,77,76,2780,0,4.0,40
2023-07-08,39359,551732,0,0,0,2,2,0,0,4.0,1
2023-07-08,39359,551736,0,0,0,5,5,0,0,5.0,1
2023-07-08,39701,100487,0,0,0,2,1,0,0,,0
2023-07-08,39701,207288,0,0,0,7,7,0,0,,0
2023-07-08,39701,408789,0,0,0,18,18,0,0,4.67,3
2023-07-08,39701,502280,0,0,0,9,9,0,0,,0
2023-07-08,39701,551180,16550,2,2,334,320,16550,0,4.76,38
2023-07-08,39701,558846,0,0,0,14,14,0,0,,0
2023-07-08,39701,558873,0,0,0,36,36,0,0,4.57,7
2023-07-08,39706,502280,0,0,0,1,1,0,0,3.5,2
2023-07-08,39706,560271,4480,4,4,128,120,2480,0,4.41,537
2023-07-08,39706,564895,0,0,0,11,11,0,0,4.43,276
2023-07-08,40428,558873,0,0,0,16,13,0,0,3.68,70
2023-07-08,40454,210413,0,0,0,35,33,0,0,4.57,69
2023-07-08,40500,100487,0,0,0,1,1,0,0,4.75,4
2023-07-08,40500,206440,0,0,0,66,64,0,0,3.44,9
2023-07-08,40500,206471,0,0,0,48,48,0,0,4.06,34
2023-07-08,40500,216158,0,0,0,3,3,0,0,3.0,1
2023-07-08,40500,402279,0,0,0,93,88,0,1,4.55,22
2023-07-08,40660,216158,6800,1,1,124,118,6800,2,4.59,22
2023-07-08,40950,202502,0,0,0,1,1,0,0,5.0,1
2023-07-08,41217,205582,0,0,0,3,3,0,0,,0
2023-07-08,41688,206440,0,0,0,12,12,0,0,4.16,70
2023-07-08,41695,216173,3000,2,2,30,29,1500,0,4.18,106
2023-07-08,42115,216424,0,0,0,33,30,0,0,4.56,9
2023-07-08,42115,551736,0,0,0,6,5,0,0,5.0,1
2023-07-08,42258,100487,24500,3,3,513,486,24500,0,4.26,385
2023-07-08,42258,110365,0,0,0,1,1,0,0,,0
2023-07-08,42595,206440,9003,8,8,261,234,4150,0,3.5,12
2023-07-08,42595,206471,14106,10,10,421,399,12606,0,3.69,51
2023-07-08,42777,200181,0,0,0,8,7,0,0,4.11,9
2023-07-08,42777,551180,0,0,0,18,17,0,0,,0
2023-07-08,43238,555003,3300,1,1,14,13,3300,0,3.6,5
2023-07-08,43304,506539,7679,3,3,108,103,6329,0,4.69,101
2023-07-08,43793,401131,0,0,0,3,3,0,0,4.74,38
2023-07-08,44035,110365,0,0,0,4,4,0,0,,0
2023-07-08,44035,207288,0,0,0,3,3,0,0,,0
2023-07-08,44035,408789,0,0,0,20,20,0,0,4.5,6
2023-07-08,44035,502280,0,0,0,4,4,0,0,2.0,1
2023-07-08,44035,551180,0,0,0,10,10,0,0,,0
2023-07-08,44035,558846,1386,1,1,25,25,1386,0,3.4,5
2023-07-08,44035,558873,0,0,0,1,1,0,0,3.67,3
2023-07-08,44035,560271,0,0,0,6,6,0,0,,0
2023-07-08,44078,304080,104580,20,20,381,354,26145,0,4.54,678
2023-07-08,45365,206440,0,0,0,1,1,0,0,,0
2023-07-08,45365,551180,0,0,0,5,5,0,0,4.0,1
2023-07-08,45365,558846,0,0,0,2,2,0,0,5.0,1
2023-07-08,45365,558873,0,0,0,5,5,0,0,,0
2023-07-08,45770,567645,1200,1,1,5,5,1200,0,4.0,4
2023-07-08,45883,201184,55776,9,9,169,155,32912,0,4.66,1034
2023-07-08,45949,205611,2340,2,2,85,78,2340,0,4.63,32
2023-07-08,45949,401534,14160,4,4,293,274,14160,1,4.51,166
2023-07-08,45954,551732,69180,21,21,352,336,20052,1,4.62,1191
2023-07-08,45954,551736,11920,6,6,280,263,5560,2,4.73,1310
2023-07-08,46572,204934,0,0,0,1,1,0,0,,0
2023-07-08,46579,206440,0,0,0,32,32,0,0,5.0,1
2023-07-08,46579,206471,0,0,0,1,1,0,0,,0
2023-07-08,46579,401131,0,0,0,1,1,0,0,,0
2023-07-08,46579,401534,5980,1,1,26,26,5980,0,4.68,19
2023-07-08,46696,408789,0,0,0,1,1,0,0,4.0,3
2023-07-08,46959,101535,0,0,0,10,10,0,0,3.54,11
2023-07-08,46959,110409,0,0,0,14,13,0,0,4.72,14
2023-07-08,46959,207774,0,0,0,9,9,0,0,4.0,2
2023-07-08,47428,401534,9480,3,3,59,57,3160,0,4.59,179
2023-07-08,47516,200181,0,0,0,1,1,0,0,,0
2023-07-08,47516,408789,0,0,0,12,12,0,0,,0
2023-07-08,47516,502221,14900,5,5,37,35,2980,0,4.53,17
2023-07-08,47516,502280,3970,1,1,125,110,3970,0,4.09,46
2023-07-08,47670,100487,0,0,0,1,1,0,0,,0
2023-07-08,47670,565724,0,0,0,6,6,0,0,5.0,1
2023-07-08,47942,206440,0,0,0,13,13,0,0,4.15,107
2023-07-08,47942,206471,0,0,0,5,5,0,0,5.0,1
2023-07-08,47942,408789,0,0,0,22,21,0,0,3.75,12
2023-07-08,47942,502221,0,0,0,19,18,0,0,4.37,19
2023-07-08,48461,207288,1300,1,1,57,56,1300,0,4.74,114
2023-07-08,48461,408789,0,0,0,125,116,0,0,4.61,56
2023-07-08,48461,560271,0,0,0,15,13,0,0,4.0,1
2023-07-08,48623,110365,0,0,0,4,4,0,0,5.0,1
2023-07-08,48623,200181,0,0,0,4,4,0,0,5.0,1
2023-07-08,48623,216158,10960,2,2,292,279,10960,1,4.05,92
2023-07-08,48623,216173,0,0,0,13,13,0,0,3.86,7
2023-07-08,48623,408789,0,0,0,2,2,0,0,,0
2023-07-08,48623,560271,3000,2,2,207,202,3000,0,4.05,96
2023-07-08,48623,566403,0,0,0,5,5,0,0,4.25,16
2023-07-08,48817,206440,0,0,0,10,10,0,0,4.57,47
2023-07-08,48817,408789,0,0,0,1,1,0,0,,0
2023-07-08,48817,551180,0,0,0,3,3,0,0,5.0,2
2023-07-08,48887,216424,0,0,0,1,1,0,0,,0
2023-07-08,48887,567538,27920,3,3,20,16,9306,0,,0
2023-07-08,49339,216424,16630,2,0,0,0,0,0,,0
2023-07-08,49388,207288,3980,1,1,25,20,3980,0,5.0,2
2023-07-08,49388,408789,0,0,0,7,7,0,0,5.0,1
2023-07-08,49388,502221,0,0,0,2,1,0,0,,0
2023-07-08,49388,502280,0,0,0,115,109,0,0,4.4,10
2023-07-08,49388,551180,15160,2,2,142,135,15160,0,4.47,15
2023-07-08,49388,558846,23220,2,2,113,99,23220,0,4.67,3
2023-07-08,49388,558873,0,0,0,10,10,0,0,4.0,1
2023-07-08,49388,560271,0,0,0,2,2,0,0,,0
2023-07-08,50294,502835,0,0,0,73,70,0,1,4.24,104
2023-07-08,50294,509434,3960,2,2,71,68,1980,0,4.54,91
2023-07-08,50294,560271,0,0,0,10,10,0,0,4.57,7
2023-07-08,50839,205761,20960,14,14,239,228,8253,0,4.63,5240
2023-07-08,50839,551736,0,0,0,30,27,0,0,4.42,12
2023-07-08,51185,301577,0,0,0,14,13,0,0,,0
2023-07-08,51217,551180,0,0,0,3,2,0,0,,0
2023-07-08,51217,558846,0,0,0,29,23,0,0,3.86,7
2023-07-08,51217,558873,0,0,0,21,20,0,0,4.17,24
2023-07-08,51806,110365,3960,1,1,35,33,3960,0,4.55,155
2023-07-08,51806,560271,1000,1,1,18,16,1000,0,4.9,10
2023-07-08,52214,205582,0,0,0,11,11,0,0,,0
2023-07-08,52214,206440,0,0,0,4,4,0,0,,0
2023-07-08,52214,206471,0,0,0,17,17,0,0,,0
2023-07-08,52214,212377,0,0,0,34,32,0,0,4.78,9
2023-07-08,52214,216173,0,0,0,2,2,0,0,5.0,1
2023-07-08,52214,301577,0,0,0,11,11,0,0,,0
2023-07-08,52214,502835,0,0,0,2,2,0,0,,0
2023-07-08,52214,508456,0,0,0,6,6,0,0,,0
2023-07-08,52214,558846,0,0,0,3,3,0,0,,0
2023-07-08,52214,558873,0,0,0,16,15,0,0,3.0,3
2023-07-08,52300,205582,0,0,0,13,11,0,0,5.0,1
2023-07-08,52300,216424,0,0,0,3,2,0,0,,0
2023-07-08,52373,201632,0,0,0,10,10,0,0,5.0,1
2023-07-08,52373,205761,0,0,0,6,6,0,0,,0
2023-07-08,52373,301577,3980,1,1,183,163,3980,0,4.5,2
2023-07-08,52373,401534,0,0,0,35,33,0,0,4.33,3
2023-07-08,52373,402279,0,0,0,6,6,0,0,4.33,3
2023-07-08,52373,508456,0,0,0,73,69,0,0,4.32,82
2023-07-08,52543,201351,0,0,0,2,2,0,0,,0
2023-07-08,52543,204586,0,0,0,4,3,0,0,,0
2023-07-08,52543,215430,0,0,0,6,5,0,0,,0
2023-07-08,52543,402279,0,0,0,1,1,0,0,,0
2023-07-08,52543,506536,0,0,0,1,1,0,0,,0
2023-07-08,52543,506539,0,0,0,1,1,0,0,,0
2023-07-08,52578,200181,0,0,0,17,17,0,0,,0
2023-07-08,52578,201632,15100,4,4,249,237,15100,0,4.73,167
2023-07-08,52578,205272,0,0,0,2,2,0,0,,0
2023-07-08,52578,551732,0,0,0,1,1,0,0,,0
2023-07-08,52578,560271,4508,2,2,30,28,4508,0,4.75,4
2023-07-08,52778,100487,0,0,0,32,30,0,0,4.5,60
2023-07-08,53069,216424,0,0,0,1,1,0,0,5.0,2
2023-07-08,53069,567538,0,0,0,1,1,0,0,4.86,7
2023-07-08,53069,567645,0,0,0,2,2,0,0,,0
2023-07-08,53386,201632,0,0,0,2,2,0,0,,0
2023-07-08,53386,204586,0,0,0,21,16,0,0,,0
2023-07-08,53386,205582,0,0,0,5,5,0,0,,0
2023-07-08,53386,208532,0,0,0,5,5,0,0,,0
2023-07-08,53386,216173,10080,6,6,140,132,3360,1,4.13,104
2023-07-08,53386,216424,0,0,0,1,1,0,0,4.0,1
2023-07-08,53386,502835,0,0,0,1,1,0,0,,0
2023-07-08,53386,508456,0,0,0,26,21,0,0,,0
2023-07-08,53386,509417,0,0,0,5,5,0,0,,0
2023-07-08,53386,510003,6880,1,1,26,25,6880,0,3.33,3
2023-07-08,53386,555421,0,0,0,5,5,0,0,,0
2023-07-08,53386,565724,0,0,0,2,2,0,0,4.0,1
2023-07-08,53386,566403,0,0,0,6,5,0,0,,0
2023-07-08,53386,567538,0,0,0,5,5,0,0,,0
2023-07-08,53683,201632,0,0,0,19,19,0,0,4.6,62
2023-07-08,53683,401131,0,0,0,1,1,0,0,,0
2023-07-08,53722,201632,0,0,0,6,6,0,0,,0
2023-07-08,53722,201925,12880,2,2,162,156,12880,0,1.0,1
2023-07-08,53722,216173,0,0,0,4,3,0,0,,0
2023-07-08,53722,301577,0,0,0,24,20,0,0,,0
2023-07-08,53722,304080,0,0,0,29,29,0,0,3.33,3
2023-07-08,53722,408789,0,0,0,14,14,0,0,5.0,3
2023-07-08,53722,502280,0,0,0,5,5,0,0,,0
2023-07-08,53722,551180,6160,3,3,202,193,4680,0,4.5,54
2023-07-08,53722,551732,0,0,0,14,14,0,0,,0
2023-07-08,53722,558846,0,0,0,204,190,0,1,4.18,11
2023-07-08,53722,558873,0,0,0,33,31,0,0,5.0,1
2023-07-08,54108,204586,392040,12,12,754,704,32670,0,4.38,26
2023-07-08,54108,212377,14850,1,1,115,106,14850,0,5.0,3
2023-07-08,54108,215913,0,0,0,1,1,0,0,,0
2023-07-08,54108,402279,0,0,0,2,2,0,0,,0
2023-07-08,54108,407120,0,0,0,18,17,0,0,4.5,8
2023-07-08,54108,508456,0,0,0,1,1,0,0,,0
2023-07-08,54108,567554,4180,1,1,3,2,4180,0,5.0,1
2023-07-08,54123,205582,0,0,0,6,6,0,0,5.0,1
2023-07-08,54123,206440,0,0,0,25,25,0,0,3.0,6
2023-07-08,54123,206471,0,0,0,1,1,0,0,2.0,1
2023-07-08,54587,408789,0,0,0,4,4,0,0,,0
2023-07-08,54587,551180,9350,2,2,235,222,9350,0,4.74,19
2023-07-08,54587,558846,38110,7,7,243,226,32720,0,4.37,113
2023-07-08,54587,558873,0,0,0,28,24,0,0,4.14,7
2023-07-08,54607,560271,0,0,0,3,2,0,0,3.4,5
2023-07-08,55035,566647,5480,1,0,0,0,0,0,,0
2023-07-08,55120,100992,0,0,0,15,14,0,0,5.0,1
2023-07-08,55120,216424,7700,2,2,9,9,7700,0,4.73,11
2023-07-08,55395,216424,7600,1,1,31,30,7600,0,4.68,41
2023-07-08,56568,560271,0,0,0,1,1,0,0,,0
2023-07-08,57506,100181,0,0,0,2,2,0,0,,0
2023-07-08,57506,101020,0,0,0,1,1,0,0,,0
2023-07-08,57506,200181,0,0,0,5,5,0,0,5.0,1
2023-07-08,57506,201632,0,0,0,33,32,0,0,,0
2023-07-08,57506,204586,0,0,0,1,1,0,0,,0
2023-07-08,57506,205761,1732,1,1,2,2,1732,0,,0
2023-07-08,57506,207288,0,0,0,3,2,0,0,,0
2023-07-08,57506,301577,0,0,0,1,1,0,0,,0
2023-07-08,57506,402279,0,0,0,6,6,0,0,,0
2023-07-08,57506,502835,0,0,0,2,2,0,0,,0
2023-07-08,57506,506012,0,0,0,1,1,0,0,,0
2023-07-08,57506,506536,0,0,0,1,1,0,0,,0
2023-07-08,57506,551180,0,0,0,1,1,0,0,,0
2023-07-08,57506,560271,0,0,0,3,3,0,0,,0
2023-07-08,57506,564895,0,0,0,2,2,0,0,,0
2023-07-08,57506,565724,0,0,0,7,7,0,0,,0
2023-07-08,57739,560271,0,0,0,2,1,0,0,,0
2023-07-08,57784,101535,0,0,0,8,8,0,0,4.43,19
2023-07-08,57784,207774,24040,10,10,114,105,23040,0,4.69,221
2023-07-08,57855,207802,0,0,0,1,1,0,0,,0
2023-07-08,57855,214104,0,0,0,4,4,0,0,4.67,3
2023-07-08,58523,502280,49278,8,8,283,257,11079,3,4.31,201
2023-07-08,58591,502280,0,0,0,1,1,0,0,4.5,2
2023-07-08,58591,560271,0,0,0,14,12,0,1,4.67,6
2023-07-08,58591,564895,0,0,0,9,9,0,0,,0
2023-07-08,58775,565724,0,0,0,35,35,0,0,5.0,2
2023-07-08,58808,507843,0,0,0,19,15,0,0,4.39,28
2023-07-08,58808,567645,0,0,0,1,1,0,0,,0
2023-07-08,59027,200181,0,0,0,6,6,0,0,5.0,1
2023-07-08,59027,551736,0,0,0,18,18,0,0,4.4,5
2023-07-08,59027,560271,0,0,0,21,22,0,0,4.67,3
2023-07-08,59074,100487,0,0,0,5,5,0,0,,0
2023-07-08,59074,206440,11400,2,2,228,209,11400,0,3.75,16
2023-07-08,59074,206471,0,0,0,227,212,0,0,4.18,11
2023-07-08,59138,567645,0,0,0,2,2,0,0,,0
2023-07-08,59298,206440,0,0,0,2,2,0,0,,0
2023-07-08,59298,401131,498,1,1,2,2,498,0,5.0,1
2023-07-08,59899,100181,0,0,0,5,5,0,0,,0
2023-07-08,59899,110365,0,0,0,33,32,0,0,3.39,18
2023-07-08,59899,408789,1980,1,1,2,2,1980,0,,0
2023-07-08,59899,510003,0,0,0,3,3,0,0,5.0,1
2023-07-08,59899,560271,0,0,0,43,38,0,0,4.09,11
2023-07-08,59916,401534,0,0,0,1,1,0,0,,0
2023-07-08,59916,402279,0,0,0,5,4,0,0,,0
2023-07-08,59916,407120,0,0,0,2,2,0,0,,0
2023-07-08,60147,560271,4000,3,3,49,46,1333,0,4.75,8
2023-07-08,60471,100487,0,0,0,1,1,0,0,,0
2023-07-08,60471,110365,0,0,0,22,22,0,1,5.0,1
2023-07-08,60471,207288,2796,2,2,42,38,1398,0,4.5,18
2023-07-08,60471,408789,0,0,0,7,6,0,0,4.0,2
2023-07-08,60471,502221,0,0,0,71,71,0,0,4.92,12
2023-07-08,60471,502280,0,0,0,112,103,0,0,4.76,37
2023-07-08,60832,100487,0,0,0,1,1,0,0,,0
2023-07-08,60832,110365,0,0,0,30,30,0,1,5.0,5
2023-07-08,60832,502221,18260,3,3,65,61,12280,1,4.64,52
2023-07-08,60832,502280,36240,5,5,170,160,14290,0,4.71,280
2023-07-08,60893,408789,0,0,0,13,12,0,0,4.5,4
2023-07-08,60893,502221,0,0,0,9,9,0,0,5.0,2
2023-07-08,60893,502280,20900,1,1,75,61,20900,0,4.76,21
2023-07-08,61080,304080,0,0,0,5,5,0,0,,0
2023-07-08,61240,110365,9800,2,2,66,58,9800,0,5.0,5
2023-07-08,61240,206440,0,0,0,39,32,0,0,,0
2023-07-08,61240,206471,4860,1,1,69,60,4860,0,,0
2023-07-08,61240,216158,5040,1,1,10,9,5040,0,,0
2023-07-08,61240,401534,0,0,0,2,1,0,0,,0
2023-07-08,61240,408789,0,0,0,11,10,0,0,,0
2023-07-08,61240,560271,65900,8,8,308,286,57900,0,4.46,28
2023-07-08,61381,110365,0,0,0,4,4,0,0,,0
2023-07-08,61381,408789,0,0,0,6,6,0,0,3.5,4
2023-07-08,61381,502221,12680,2,2,78,74,12680,0,4.57,46
2023-07-08,61381,502280,0,0,0,39,36,0,0,4.63,35
2023-07-08,61381,502835,0,0,0,1,1,0,0,,0
2023-07-08,61430,206440,11960,2,2,564,540,5980,0,3.75,83
2023-07-08,61430,206471,0,0,0,8,8,0,0,3.14,7
2023-07-08,61457,100487,0,0,0,1,1,0,0,,0
2023-07-08,61457,110365,0,0,0,3,3,0,0,,0
2023-07-08,61457,207288,1620,1,1,49,44,1620,0,4.57,97
2023-07-08,61457,408789,0,0,0,21,21,0,0,4.67,3
2023-07-08,61457,502221,15960,2,2,151,139,7980,0,4.47,74
2023-07-08,61457,502280,6820,1,1,105,99,6820,0,4.72,320
2023-07-08,61731,216424,117380,51,52,734,679,13940,0,4.62,275
2023-07-08,61982,200181,0,0,0,1,1,0,0,,0
2023-07-08,61982,507515,66860,7,7,411,370,16960,8,4.44,823
2023-07-08,62187,201486,0,0,0,2,2,0,0,5.0,1
2023-07-08,62187,216424,0,0,0,2,2,0,0,5.0,1
2023-07-08,62659,201632,0,0,0,1,1,0,0,,0
2023-07-08,62659,401131,4160,2,2,86,80,4160,0,4.86,29
2023-07-08,63141,100487,0,0,0,94,81,0,0,4.93,14
2023-07-08,63141,206440,0,0,0,26,24,0,0,4.25,8
2023-07-08,63141,206471,11160,2,2,160,151,11160,1,4.36,56
2023-07-08,63235,206440,0,0,0,8,8,0,0,,0
2023-07-08,63235,206471,0,0,0,33,33,0,0,,0
2023-07-08,63235,560271,0,0,0,3,3,0,0,,0
2023-07-08,63344,216173,7040,4,4,37,34,7040,0,5.0,3
2023-07-08,63506,408789,0,0,0,2,2,0,0,,0
2023-07-08,63543,205582,0,0,0,6,6,0,0,4.0,1
2023-07-08,63543,205611,0,0,0,33,33,0,0,4.63,19
2023-07-08,63543,563689,0,0,0,52,50,0,0,4.94,16
2023-07-08,63580,214104,20894,4,5,56,50,15296,0,4.96,100
2023-07-08,63704,200181,0,0,0,3,3,0,0,,0
2023-07-08,63704,201632,0,0,0,40,39,0,0,,0
2023-07-08,63704,201925,0,0,0,3,3,0,0,,0
2023-07-08,63704,205582,0,0,0,3,3,0,0,,0
2023-07-08,63704,205761,1387,1,0,2,2,0,0,,0
2023-07-08,63704,206363,0,0,0,2,2,0,0,,0
2023-07-08,63704,208532,0,0,0,2,1,0,0,,0
2023-07-08,63704,216424,0,0,0,3,3,0,0,,0
2023-07-08,63704,301577,0,0,0,3,3,0,0,,0
2023-07-08,63704,402279,0,0,0,4,4,0,0,,0
2023-07-08,63704,501098,0,0,0,1,1,0,0,,0
2023-07-08,63704,502280,0,0,0,5,5,0,0,,0
2023-07-08,63704,502835,6552,1,1,13,12,6552,0,,0
2023-07-08,63704,507515,0,0,0,23,23,0,0,3.5,4
2023-07-08,63704,507843,0,0,0,2,2,0,0,,0
2023-07-08,63704,509434,0,0,0,3,3,0,0,,0
2023-07-08,63704,551228,0,0,0,1,1,0,0,,0
2023-07-08,63704,560271,3978,1,1,21,20,3978,0,,0
2023-07-08,63704,564895,0,0,0,7,7,0,0,,0
2023-07-08,63704,565724,0,0,0,7,7,0,0,,0
2023-07-08,63704,567554,0,0,0,1,1,0,0,,0
2023-07-08,64132,401534,12160,9,9,247,235,4937,1,4.53,542
2023-07-08,64378,110365,0,0,0,3,3,0,0,5.0,1
2023-07-08,64378,502835,0,0,0,3,3,0,0,3.29,7
2023-07-08,64678,100992,0,0,0,4,4,0,0,,0
2023-07-08,64678,201486,0,0,0,1,1,0,0,,0
2023-07-08,64678,216424,0,0,0,1,1,0,0,,0
2023-07-08,64678,510003,0,0,0,1,1,0,0,,0
2023-07-08,65120,101535,0,0,0,1,1,0,0,,0
2023-07-08,65120,207802,0,0,0,9,9,0,0,4.91,11
2023-07-08,65120,214099,0,0,0,1,1,0,0,4.0,1
2023-07-08,65145,560271,40450,14,14,610,574,38470,0,4.57,67
2023-07-08,65193,502280,0,0,0,1,1,0,0,,0
2023-07-08,65193,560271,0,0,0,5,5,0,0,,0
2023-07-08,65193,564895,0,0,0,1,1,0,0,1.0,1
2023-07-08,65550,216173,6000,6,6,42,38,1000,0,4.36,25
2023-07-08,65806,206440,44440,12,12,971,939,14905,0,4.66,159
2023-07-08,65806,206471,0,0,0,12,12,0,0,,0
2023-07-08,66121,206361,0,0,0,2,2,0,0,,0
2023-07-08,66121,206440,0,0,0,1,1,0,0,,0
2023-07-08,66383,206440,18540,4,4,32,30,15570,0,4.0,7
2023-07-08,66383,206471,0,0,0,19,18,0,0,3.5,2
2023-07-08,66383,208532,0,0,0,1,1,0,0,,0
2023-07-08,66383,216158,0,0,0,1,1,0,0,,0
2023-07-08,66383,216173,0,0,0,1,1,0,0,,0
2023-07-08,66383,502221,0,0,0,1,1,0,0,,0
2023-07-08,66383,502835,2490,1,1,40,31,2490,0,4.4,20
2023-07-08,66383,551180,0,0,0,5,4,0,0,,0
2023-07-08,66383,551228,0,0,0,1,1,0,0,,0
2023-07-08,66383,551732,0,0,0,6,6,0,0,,0
2023-07-08,66383,558846,0,0,0,3,3,0,0,,0
2023-07-08,66383,560271,0,0,0,1,1,0,0,,0
2023-07-08,66694,215913,0,0,0,1,1,0,0,5.0,1
2023-07-08,66694,402279,0,0,0,1,1,0,0,,0
2023-07-08,66694,551732,0,0,0,1,1,0,0,,0
2023-07-08,67109,401534,0,0,0,6,6,0,0,,0
2023-07-08,67142,201925,0,0,0,3,3,0,0,,0
2023-07-08,67142,301577,12980,1,1,11,10,12980,0,,0
2023-07-08,67171,551228,0,0,0,8,7,0,0,,0
2023-07-08,67171,563689,0,0,0,1,1,0,0,,0
2023-07-08,67221,215913,0,0,0,4,4,0,0,5.0,1
2023-07-08,67221,401534,0,0,0,1,1,0,0,,0
2023-07-08,67221,402279,0,0,0,4,4,0,0,4.0,1
2023-07-08,67221,407120,0,0,0,3,3,0,0,,0
2023-07-08,67593,560271,15760,7,7,237,223,9020,1,4.75,64
2023-07-08,67600,212377,0,0,0,9,7,0,0,,0
2023-07-08,67600,215913,0,0,0,2,2,0,0,,0
2023-07-08,67600,402279,0,0,0,13,12,0,0,,0
2023-07-08,67600,407120,0,0,0,1,1,0,0,5.0,1
2023-07-08,67600,551732,0,0,0,2,2,0,0,,0
2023-07-08,67600,551736,0,0,0,1,1,0,0,,0
2023-07-08,68130,214781,92960,10,10,72,61,28520,1,4.8,95
2023-07-08,68130,216424,27340,4,4,32,29,22350,0,4.82,27
2023-07-08,68130,507843,0,0,0,4,2,0,0,4.2,5
2023-07-08,68130,567623,0,0,0,2,2,0,0,5.0,4
2023-07-08,68402,100487,0,0,0,8,7,0,0,,0
2023-07-08,68402,401131,0,0,0,21,18,0,0,,0
2023-07-08,68489,401131,0,0,0,28,27,0,0,,0
2023-07-08,68636,110365,3800,10,10,127,122,380,0,4.45,40
2023-07-08,68636,216173,0,0,0,2,2,0,0,5.0,1
2023-07-08,68636,502835,0,0,0,6,6,0,0,5.0,1
2023-07-08,68636,555421,8268,5,5,88,78,1653,1,4.35,54
2023-07-08,69373,101020,0,0,0,1,1,0,0,,0
2023-07-08,69373,201486,0,0,0,2,2,0,0,5.0,2
2023-07-08,69373,214781,0,0,0,1,1,0,0,,0
2023-07-08,69373,216424,0,0,0,13,13,0,0,,0
2023-07-08,69373,507843,89340,10,10,116,110,53940,0,3.75,4
2023-07-08,69373,510003,0,0,0,2,2,0,0,5.0,1
2023-07-08,69373,567538,9780,1,1,5,5,9780,0,,0
2023-07-08,69373,567623,0,0,0,8,8,0,0,,0
